timestamp,method,elapsed_ms,current_mem_mb,peak_mem_mb,recompiled
1752626597.303123,_depth_est_forward,39933.312,5164.418,8193.234,1
1752626606.788228,_depth_est_forward,8210.337,5164.418,8193.079,0
1752626615.955761,_depth_est_forward,8173.577,4998.063,5163.500,0
1752626625.125112,_depth_est_forward,8107.028,4998.063,4998.063,0
1752626633.972358,_depth_est_forward,7869.372,4998.063,4998.063,0
1752626643.830916,_depth_est_forward,8360.158,4998.063,4998.063,0
1752626653.315755,_depth_est_forward,8049.447,4998.063,4998.063,0
1752626662.821748,_depth_est_forward,8022.259,4998.063,4998.063,0
1752626672.128767,_depth_est_forward,7814.239,4998.063,4998.063,0
1752626681.558749,_depth_est_forward,7952.433,4998.063,4998.063,0
1752626691.060966,_depth_est_forward,7984.007,4998.063,4998.063,0
1752626700.333538,_depth_est_forward,7799.770,4998.063,4998.063,0
1752626709.596679,_depth_est_forward,7801.756,4998.063,4998.063,0
1752626718.705904,_depth_est_forward,7755.100,4998.063,4998.063,0
1752626727.861249,_depth_est_forward,7776.877,4998.063,4998.063,0
1752626736.631410,_depth_est_forward,7765.713,4998.063,4998.063,0
1752626745.815554,_depth_est_forward,7731.389,4998.063,4998.063,0
1752626755.005688,_depth_est_forward,7729.581,4998.063,4998.063,0
1752626764.159830,_depth_est_forward,7739.655,4998.063,4998.063,0
1752626773.312841,_depth_est_forward,7741.938,4998.063,4998.063,0
1752626782.312312,_depth_est_forward,7725.612,4998.063,4998.063,0
1752626791.421449,_depth_est_forward,7730.300,4998.063,4998.063,0
1752626800.589792,_depth_est_forward,7735.999,4998.063,4998.063,0
1752626809.795856,_depth_est_forward,7740.189,4998.063,4998.063,0
1752626818.904218,_depth_est_forward,7724.703,4998.063,4998.063,0
1752626827.624372,_depth_est_forward,7735.327,4998.063,4998.063,0
1752626836.770304,_depth_est_forward,7716.406,4998.063,4998.063,0
1752626845.931713,_depth_est_forward,7742.265,4998.063,4998.063,0
1752626855.072396,_depth_est_forward,7743.071,4998.063,4998.063,0
1752626864.292407,_depth_est_forward,7729.265,4998.063,4998.063,0
1752626873.465695,_depth_est_forward,7722.978,4998.063,4998.063,0
1752626882.675093,_depth_est_forward,7730.580,4998.063,4998.063,0
1752626891.912077,_depth_est_forward,7727.659,4998.063,4998.063,0
1752626901.110170,_depth_est_forward,7715.149,4998.063,4998.063,0
1752626910.317114,_depth_est_forward,7719.625,4998.063,4998.063,0
1752626919.567459,_depth_est_forward,7748.224,4998.063,4998.063,0
1752626928.237185,_depth_est_forward,7733.285,4998.063,4998.063,0
1752626937.485088,_depth_est_forward,7765.166,4998.063,4998.063,0
1752626946.721590,_depth_est_forward,7749.822,4998.063,4998.063,0
1752626955.996913,_depth_est_forward,7774.305,4998.063,4998.063,0
1752626965.259176,_depth_est_forward,7761.382,4998.063,4998.063,0
1752626974.561254,_depth_est_forward,7769.918,4998.063,4998.063,0
1752626983.837450,_depth_est_forward,7759.016,4998.063,4998.063,0
1752626993.066991,_depth_est_forward,7754.584,4998.063,4998.063,0
1752627002.271963,_depth_est_forward,7770.120,4998.063,4998.063,0
1752627011.378906,_depth_est_forward,7750.882,4998.063,4998.063,0
1752627020.528425,_depth_est_forward,7758.883,4998.063,4998.063,0
1752627029.310955,_depth_est_forward,7760.810,4998.063,4998.063,0
1752627038.446929,_depth_est_forward,7763.800,4998.063,4998.063,0
1752627047.535471,_depth_est_forward,7754.173,4998.063,4998.063,0
1752627056.642779,_depth_est_forward,7759.233,4998.063,4998.063,0
1752627065.639534,_depth_est_forward,7765.328,4998.063,4998.063,0
1752627074.789982,_depth_est_forward,7775.995,4998.063,4998.063,0
1752627083.948502,_depth_est_forward,7776.725,4998.063,4998.063,0
1752627093.375415,_depth_est_forward,8137.382,4998.063,4998.063,0
1752627102.324934,_depth_est_forward,7728.949,4998.063,4998.063,0
1752627111.545079,_depth_est_forward,7865.225,4998.063,4998.063,0
1752627120.717404,_depth_est_forward,7811.517,4998.063,4998.063,0
1752627129.540180,_depth_est_forward,7786.520,4998.063,4998.063,0
1752627138.652570,_depth_est_forward,7759.176,4998.063,4998.063,0
1752627147.976909,_depth_est_forward,7942.108,4998.063,4998.063,0
1752627157.243365,_depth_est_forward,7898.880,4998.063,4998.063,0
1752627166.264488,_depth_est_forward,7722.604,4998.063,4998.063,0
1752627175.516395,_depth_est_forward,7978.405,4998.063,4998.063,0
1752627184.456921,_depth_est_forward,7640.746,4998.063,4998.063,0
1752627193.082845,_depth_est_forward,7404.100,4998.063,4998.063,0
1752627201.918400,_depth_est_forward,7480.437,4998.063,4998.063,0
1752627210.880353,_depth_est_forward,7678.275,4998.063,4998.063,0
1752627219.670979,_depth_est_forward,7453.051,4998.063,4998.063,0
1752627228.168579,_depth_est_forward,7506.045,4998.063,4998.063,0
1752627237.397866,_depth_est_forward,7894.750,4998.063,4998.063,0
1752627246.692177,_depth_est_forward,8020.515,4998.063,4998.063,0
1752627256.263656,_depth_est_forward,8177.313,4998.063,4998.063,0
1752627265.652371,_depth_est_forward,7983.274,4998.063,4998.063,0
1752627274.990286,_depth_est_forward,7920.461,4998.063,4998.063,0
1752627284.381146,_depth_est_forward,7980.726,4998.063,4998.063,0
1752627293.643289,_depth_est_forward,7914.433,4998.063,4998.063,0
1752627302.861593,_depth_est_forward,7944.059,4998.063,4998.063,0
1752627312.142678,_depth_est_forward,7916.569,4998.063,4998.063,0
1752627321.413168,_depth_est_forward,7924.600,4998.063,4998.063,0
1752627330.391084,_depth_est_forward,7914.462,4998.063,4998.063,0
1752627339.555048,_depth_est_forward,7910.399,4998.063,4998.063,0
1752627348.792795,_depth_est_forward,7914.324,4998.063,4998.063,0
1752627357.956081,_depth_est_forward,7902.532,4998.063,4998.063,0
1752627367.210077,_depth_est_forward,7899.253,4998.063,4998.063,0
1752627376.503461,_depth_est_forward,7954.262,4998.063,4998.063,0
1752627385.836342,_depth_est_forward,7924.471,4998.063,4998.063,0
1752627395.052858,_depth_est_forward,7915.930,4998.063,4998.063,0
1752627404.381443,_depth_est_forward,7913.353,4998.063,4998.063,0
1752627413.650292,_depth_est_forward,7919.562,4998.063,4998.063,0
1752627422.947687,_depth_est_forward,7911.217,4998.063,4998.063,0
1752627431.930490,_depth_est_forward,7907.875,4998.063,4998.063,0
1752627441.414717,_depth_est_forward,8128.024,4998.063,4998.063,0
1752627450.823242,_depth_est_forward,8084.548,4998.063,4998.063,0
1752627460.071542,_depth_est_forward,8011.628,4998.063,4998.063,0
1752627469.176656,_depth_est_forward,7825.410,4998.063,4998.063,0
1752627478.267576,_depth_est_forward,7784.000,4998.063,4998.063,0
1752627487.336881,_depth_est_forward,7769.997,4998.063,4998.063,0
1752627496.404216,_depth_est_forward,7824.489,4998.063,4998.063,0
1752627505.555955,_depth_est_forward,7842.466,4998.063,4998.063,0
1752627514.647512,_depth_est_forward,7803.509,4998.063,4998.063,0
1752627523.697221,_depth_est_forward,7819.646,4998.063,4998.063,0
1752627532.706553,_depth_est_forward,8016.090,4998.063,4998.063,0
1752627542.073889,_depth_est_forward,8065.547,4998.063,4998.063,0
1752627551.056411,_depth_est_forward,7826.683,4998.063,4998.063,0
1752627560.169460,_depth_est_forward,7826.190,4998.063,4998.063,0
1752627569.385025,_depth_est_forward,7912.903,4998.063,4998.063,0
1752627578.729479,_depth_est_forward,8096.358,4998.063,4998.063,0
1752627588.084429,_depth_est_forward,8066.761,4998.063,4998.063,0
1752627597.580096,_depth_est_forward,8211.210,4998.063,4998.063,0
1752627606.944507,_depth_est_forward,8092.080,4998.063,4998.063,0
1752627616.408926,_depth_est_forward,8215.938,4998.063,4998.063,0
1752627625.816466,_depth_est_forward,8103.105,4998.063,4998.063,0
1752627634.987429,_depth_est_forward,8135.904,4998.063,4998.063,0
1752627644.198491,_depth_est_forward,8155.244,4998.063,4998.063,0
1752627653.624372,_depth_est_forward,8117.243,4998.063,4998.063,0
1752627663.052527,_depth_est_forward,8117.779,4998.063,4998.063,0
1752627672.496396,_depth_est_forward,8137.319,4998.063,4998.063,0
1752627681.851527,_depth_est_forward,8139.923,4998.063,4998.063,0
1752627691.319436,_depth_est_forward,8129.786,4998.063,4998.063,0
1752627700.830519,_depth_est_forward,8155.869,4998.063,4998.063,0
1752627710.413939,_depth_est_forward,8203.151,4998.063,4998.063,0
1752627719.829139,_depth_est_forward,8107.680,4998.063,4998.063,0
1752627729.251500,_depth_est_forward,8145.542,4998.063,4998.063,0
1752627738.687683,_depth_est_forward,8128.862,4998.063,4998.063,0
1752627747.862000,_depth_est_forward,8125.413,4998.063,4998.063,0
1752627757.356363,_depth_est_forward,8125.091,4998.063,4998.063,0
1752627766.871269,_depth_est_forward,8166.508,4998.063,4998.063,0
1752627776.410494,_depth_est_forward,8208.701,4998.063,4998.063,0
1752627785.813541,_depth_est_forward,8114.190,4998.063,4998.063,0
1752627795.233428,_depth_est_forward,8131.134,4998.063,4998.063,0
1752627804.813129,_depth_est_forward,8329.731,4998.063,4998.063,0
1752627814.526172,_depth_est_forward,8409.800,4998.063,4998.063,0
1752627824.107730,_depth_est_forward,8305.371,4998.063,4998.063,0
1752627833.642613,_depth_est_forward,8264.241,4998.063,4998.063,0
1752627843.131617,_depth_est_forward,8222.636,4998.063,4998.063,0
1752627852.331879,_depth_est_forward,8146.058,4998.063,4998.063,0
1752627861.796626,_depth_est_forward,8162.616,4998.063,4998.063,0
1752627871.113900,_depth_est_forward,8129.392,4998.063,4998.063,0
1752627880.569556,_depth_est_forward,8158.757,4998.063,4998.063,0
1752627890.021587,_depth_est_forward,8159.524,4998.063,4998.063,0
1752627899.467193,_depth_est_forward,8167.798,4998.063,4998.063,0
1752627908.942665,_depth_est_forward,8184.994,4998.063,4998.063,0
1752627918.319065,_depth_est_forward,8166.879,4998.063,4998.063,0
1752627927.675430,_depth_est_forward,8115.688,4998.063,4998.063,0
1752627937.048936,_depth_est_forward,8135.026,4998.063,4998.063,0
1752627946.464201,_depth_est_forward,8154.480,4998.063,4998.063,0
1752627955.658194,_depth_est_forward,8155.999,4998.063,4998.063,0
1752627965.075068,_depth_est_forward,8151.373,4998.063,4998.063,0
1752627974.481315,_depth_est_forward,8120.854,4998.063,4998.063,0
1752627983.944042,_depth_est_forward,8165.635,4998.063,4998.063,0
1752627993.414815,_depth_est_forward,8153.773,4998.063,4998.063,0
1752628002.855185,_depth_est_forward,8150.783,4998.063,4998.063,0
1752628012.299002,_depth_est_forward,8148.986,4998.063,4998.063,0
1752628021.722830,_depth_est_forward,8129.781,4998.063,4998.063,0
1752628031.132915,_depth_est_forward,8170.217,4998.063,4998.063,0
1752628040.592657,_depth_est_forward,8180.107,4998.063,4998.063,0
1752628050.042355,_depth_est_forward,8164.545,4998.063,4998.063,0
1752628059.250667,_depth_est_forward,8131.084,4998.063,4998.063,0
1752628068.637525,_depth_est_forward,8125.089,4998.063,4998.063,0
1752628078.090360,_depth_est_forward,8163.075,4998.063,4998.063,0
1752628087.551322,_depth_est_forward,8167.226,4998.063,4998.063,0
1752628096.905664,_depth_est_forward,8143.570,4998.063,4998.063,0
1752628106.342254,_depth_est_forward,8174.094,4998.063,4998.063,0
1752628115.728915,_depth_est_forward,8149.970,4998.063,4998.063,0
1752628125.116370,_depth_est_forward,8154.898,4998.063,4998.063,0
1752628134.467961,_depth_est_forward,8159.282,4998.063,4998.063,0
1752628143.755280,_depth_est_forward,8125.297,4998.063,4998.063,0
1752628153.048227,_depth_est_forward,8140.388,4998.063,4998.063,0
1752628162.247349,_depth_est_forward,8137.277,4998.063,4998.063,0
1752628171.510347,_depth_est_forward,8154.433,4998.063,4998.063,0
1752628180.843346,_depth_est_forward,8229.972,4998.063,4998.063,0
1752628190.164063,_depth_est_forward,8196.425,4998.063,4998.063,0
1752628199.467241,_depth_est_forward,8199.398,4998.063,4998.063,0
1752628208.770524,_depth_est_forward,8206.538,4998.063,4998.063,0
1752628218.036741,_depth_est_forward,8164.719,4998.063,4998.063,0
1752628227.270701,_depth_est_forward,8152.627,4998.063,4998.063,0
1752628236.524676,_depth_est_forward,8161.868,4998.063,4998.063,0
1752628245.790713,_depth_est_forward,8157.606,4998.063,4998.063,0
1752628255.006248,_depth_est_forward,8161.143,4998.063,4998.063,0
1752628264.152894,_depth_est_forward,8127.939,4998.063,4998.063,0
1752628273.394400,_depth_est_forward,8149.288,4998.063,4998.063,0
1752628282.619319,_depth_est_forward,8103.175,4998.063,4998.063,0
1752628291.834585,_depth_est_forward,8136.451,4998.063,4998.063,0
1752628301.065417,_depth_est_forward,8153.244,4998.063,4998.063,0
1752628310.381503,_depth_est_forward,8214.065,4998.063,4998.063,0
1752628319.580688,_depth_est_forward,8128.128,4998.063,4998.063,0
1752628328.817175,_depth_est_forward,8148.745,4998.063,4998.063,0
1752628338.104888,_depth_est_forward,8242.948,4998.063,4998.063,0
1752628347.312054,_depth_est_forward,8159.440,4998.063,4998.063,0
1752628356.508252,_depth_est_forward,8126.542,4998.063,4998.063,0
1752628365.746892,_depth_est_forward,8166.709,4998.063,4998.063,0
1752628374.934067,_depth_est_forward,8111.195,4998.063,4998.063,0
1752628384.127024,_depth_est_forward,8113.489,4998.063,4998.063,0
1752628393.353159,_depth_est_forward,8147.767,4998.063,4998.063,0
1752628402.556969,_depth_est_forward,8148.052,4998.063,4998.063,0
1752628411.702937,_depth_est_forward,8129.065,4998.063,4998.063,0
1752628420.935835,_depth_est_forward,8155.312,4998.063,4998.063,0
1752628430.117683,_depth_est_forward,8118.469,4998.063,4998.063,0
1752628439.301136,_depth_est_forward,8133.316,4998.063,4998.063,0
1752628448.527161,_depth_est_forward,8156.380,4998.063,4998.063,0
1752628457.835219,_depth_est_forward,8244.645,4998.063,4998.063,0
1752628467.166943,_depth_est_forward,8242.452,4998.063,4998.063,0
1752628476.401313,_depth_est_forward,8173.003,4998.063,4998.063,0
1752628485.616136,_depth_est_forward,8173.521,4998.063,4998.063,0
1752628494.779868,_depth_est_forward,8179.952,4998.063,4998.063,0
1752628503.984812,_depth_est_forward,8128.225,4998.063,4998.063,0
1752628513.172732,_depth_est_forward,8132.796,4998.063,4998.063,0
1752628522.292605,_depth_est_forward,8125.683,4998.063,4998.063,0
1752628531.454515,_depth_est_forward,8111.561,4998.063,4998.063,0
1752628540.633133,_depth_est_forward,8106.997,4998.063,4998.063,0
1752628549.819677,_depth_est_forward,8133.423,4998.063,4998.063,0
1752628559.013571,_depth_est_forward,8141.853,4998.063,4998.063,0
1752628568.130653,_depth_est_forward,8052.174,4998.063,4998.063,0
1752628576.880716,_depth_est_forward,7782.233,4998.063,4998.063,0
1752628585.642271,_depth_est_forward,7782.526,4998.063,4998.063,0
1752628594.429397,_depth_est_forward,7787.003,4998.063,4998.063,0
1752628603.147781,_depth_est_forward,7780.943,4998.063,4998.063,0
1752628611.901056,_depth_est_forward,7764.297,4998.063,4998.063,0
1752628620.667530,_depth_est_forward,7785.770,4998.063,4998.063,0
1752628629.409407,_depth_est_forward,7773.764,4998.063,4998.063,0
1752628638.180418,_depth_est_forward,7781.970,4998.063,4998.063,0
1752628646.949430,_depth_est_forward,7783.785,4998.063,4998.063,0
1752628655.739275,_depth_est_forward,7787.403,4998.063,4998.063,0
1752628664.572774,_depth_est_forward,7844.931,4998.063,4998.063,0
1752628673.365366,_depth_est_forward,7815.426,4998.063,4998.063,0
1752628682.108861,_depth_est_forward,7787.156,4998.063,4998.063,0
1752628690.868979,_depth_est_forward,7788.347,4998.063,4998.063,0
1752628699.627796,_depth_est_forward,7803.365,4998.063,4998.063,0
1752628708.373960,_depth_est_forward,7782.223,4998.063,4998.063,0
1752628717.138478,_depth_est_forward,7794.891,4998.063,4998.063,0
1752628725.884455,_depth_est_forward,7781.668,4998.063,4998.063,0
1752628734.632679,_depth_est_forward,7792.895,4998.063,4998.063,0
1752628743.395914,_depth_est_forward,7792.537,4998.063,4998.063,0
1752628752.154027,_depth_est_forward,7803.502,4998.063,4998.063,0
1752628760.962962,_depth_est_forward,7850.220,4998.063,4998.063,0
1752628769.908940,_depth_est_forward,7986.158,4998.063,4998.063,0
1752628778.726915,_depth_est_forward,7859.528,4998.063,4998.063,0
1752628787.577455,_depth_est_forward,7877.503,4998.063,4998.063,0
1752628796.460625,_depth_est_forward,7905.949,4998.063,4998.063,0
1752628805.317538,_depth_est_forward,7911.052,4998.063,4998.063,0
1752628814.215520,_depth_est_forward,7922.996,4998.063,4998.063,0
1752628823.016584,_depth_est_forward,7816.056,4998.063,4998.063,0
1752628831.762978,_depth_est_forward,7793.612,4998.063,4998.063,0
1752628840.533360,_depth_est_forward,7799.625,4998.063,4998.063,0
1752628849.373424,_depth_est_forward,7873.294,4998.063,4998.063,0
1752628858.219535,_depth_est_forward,7887.596,4998.063,4998.063,0
1752628867.070909,_depth_est_forward,7852.866,4998.063,4998.063,0
1752628875.826786,_depth_est_forward,7803.628,4998.063,4998.063,0
1752628884.849428,_depth_est_forward,8113.709,4998.063,4998.063,0
1752628893.774715,_depth_est_forward,7968.647,4998.063,4998.063,0
1752628902.580744,_depth_est_forward,7859.015,4998.063,4998.063,0
1752628911.469446,_depth_est_forward,7925.763,4998.063,4998.063,0
1752628920.521341,_depth_est_forward,8078.850,4998.063,4998.063,0
1752628929.324099,_depth_est_forward,7830.998,4998.063,4998.063,0
1752628938.067071,_depth_est_forward,7782.867,4998.063,4998.063,0
1752628946.791595,_depth_est_forward,7774.819,4998.063,4998.063,0
1752628955.507430,_depth_est_forward,7775.951,4998.063,4998.063,0
1752628964.228840,_depth_est_forward,7781.834,4998.063,4998.063,0
1752628972.952747,_depth_est_forward,7782.127,4998.063,4998.063,0
1752628981.635516,_depth_est_forward,7790.166,4998.063,4998.063,0
1752628990.352289,_depth_est_forward,7777.457,4998.063,4998.063,0
1752628999.105507,_depth_est_forward,7832.460,4998.063,4998.063,0
1752629007.793594,_depth_est_forward,7775.549,4998.063,4998.063,0
1752629016.471647,_depth_est_forward,7792.787,4998.063,4998.063,0
1752629025.150018,_depth_est_forward,7776.494,4998.063,4998.063,0
1752629033.818561,_depth_est_forward,7810.699,4998.063,4998.063,0
1752629042.473696,_depth_est_forward,7770.570,4998.063,4998.063,0
1752629051.059152,_depth_est_forward,7790.129,4998.063,4998.063,0
1752629059.776678,_depth_est_forward,7842.963,4998.063,4998.063,0
1752629068.670737,_depth_est_forward,7990.690,4998.063,4998.063,0
1752629077.543551,_depth_est_forward,7965.808,4998.063,4998.063,0
1752629086.305266,_depth_est_forward,7829.184,4998.063,4998.063,0
1752629094.979561,_depth_est_forward,7804.564,4998.063,4998.063,0
1752629103.858868,_depth_est_forward,7962.090,4998.063,4998.063,0
1752629112.783243,_depth_est_forward,8088.301,4998.063,4998.063,0
1752629121.629236,_depth_est_forward,7995.994,4998.063,4998.063,0
1752629130.473603,_depth_est_forward,7945.391,4998.063,4998.063,0
1752629139.337291,_depth_est_forward,7957.276,4998.063,4998.063,0
1752629148.298779,_depth_est_forward,8109.778,4998.063,4998.063,0
1752629157.256725,_depth_est_forward,8094.664,4998.063,4998.063,0
1752629166.212315,_depth_est_forward,8122.483,4998.063,4998.063,0
1752629175.449022,_depth_est_forward,8385.299,4998.063,4998.063,0
1752629185.079337,_depth_est_forward,8553.364,4998.063,4998.063,0
1752629194.062817,_depth_est_forward,8169.935,4998.063,4998.063,0
1752629203.517885,_depth_est_forward,8521.393,4998.063,4998.063,0
1752629212.523400,_depth_est_forward,8142.315,4998.063,4998.063,0
1752629221.273913,_depth_est_forward,7882.892,4998.063,4998.063,0
1752629230.239150,_depth_est_forward,8149.235,4998.063,4998.063,0
1752629239.052253,_depth_est_forward,7957.635,4998.063,4998.063,0
1752629247.726183,_depth_est_forward,7858.975,4998.063,4998.063,0
1752629256.341805,_depth_est_forward,7789.660,4998.063,4998.063,0
1752629264.988245,_depth_est_forward,7829.076,4998.063,4998.063,0
1752629273.675208,_depth_est_forward,7869.630,4998.063,4998.063,0
1752629282.604233,_depth_est_forward,7979.789,4998.063,4998.063,0
1752629291.350672,_depth_est_forward,7815.309,4998.063,4998.063,0
1752629299.997947,_depth_est_forward,7823.820,4998.063,4998.063,0
1752629308.670882,_depth_est_forward,7863.105,4998.063,4998.063,0
1752629317.275445,_depth_est_forward,7790.017,4998.063,4998.063,0
1752629325.851185,_depth_est_forward,7792.666,4998.063,4998.063,0
1752629334.439429,_depth_est_forward,7794.333,4998.063,4998.063,0
1752629343.077415,_depth_est_forward,7856.427,4998.063,4998.063,0
1752629351.728814,_depth_est_forward,7872.370,4998.063,4998.063,0
1752629360.146348,_depth_est_forward,7658.439,4998.063,4998.063,0
1752629368.764913,_depth_est_forward,7822.786,4998.063,4998.063,0
1752629376.909334,_depth_est_forward,7377.158,4998.063,4998.063,0
1752629385.275910,_depth_est_forward,7459.430,4998.063,4998.063,0
1752629393.460025,_depth_est_forward,7394.781,4998.063,4998.063,0
1752629401.733250,_depth_est_forward,7518.139,4998.063,4998.063,0
1752629409.858328,_depth_est_forward,7364.367,4998.063,4998.063,0
1752629417.982955,_depth_est_forward,7370.264,4998.063,4998.063,0
1752629426.174159,_depth_est_forward,7437.678,4998.063,4998.063,0
1752629434.377766,_depth_est_forward,7471.440,4998.063,4998.063,0
1752629443.357128,_depth_est_forward,8185.345,4998.063,4998.063,0
1752629452.323137,_depth_est_forward,8168.290,4998.063,4998.063,0
1752629461.569308,_depth_est_forward,8368.227,4998.063,4998.063,0
1752629470.390077,_depth_est_forward,8010.034,4998.063,4998.063,0
1752629479.231853,_depth_est_forward,7885.198,4998.063,4998.063,0
1752629487.913414,_depth_est_forward,7871.183,4998.063,4998.063,0
1752629496.444019,_depth_est_forward,7717.137,4998.063,4998.063,0
1752629504.883798,_depth_est_forward,7610.107,4998.063,4998.063,0
1752629513.113848,_depth_est_forward,7454.047,4998.063,4998.063,0
1752629521.412488,_depth_est_forward,7505.059,4998.063,4998.063,0
1752629529.520175,_depth_est_forward,7367.352,4998.063,4998.063,0
1752629537.589360,_depth_est_forward,7292.149,4998.063,4998.063,0
1752629545.811494,_depth_est_forward,7414.297,4998.063,4998.063,0
1752629554.036408,_depth_est_forward,7393.921,4998.063,4998.063,0
1752629562.254056,_depth_est_forward,7433.615,4998.063,4998.063,0
1752629570.742182,_depth_est_forward,7542.526,4998.063,4998.063,0
1752629579.008147,_depth_est_forward,7382.717,4998.063,4998.063,0
1752629587.197387,_depth_est_forward,7352.798,4998.063,4998.063,0
1752629595.345254,_depth_est_forward,7288.229,4998.063,4998.063,0
1752629603.485919,_depth_est_forward,7299.189,4998.063,4998.063,0
1752629611.814722,_depth_est_forward,7460.855,4998.063,4998.063,0
1752629620.244558,_depth_est_forward,7534.209,4998.063,4998.063,0
1752629628.512083,_depth_est_forward,7400.163,4998.063,4998.063,0
1752629636.781610,_depth_est_forward,7383.499,4998.063,4998.063,0
1752629644.946399,_depth_est_forward,7262.683,4998.063,4998.063,0
1752629653.286936,_depth_est_forward,7433.519,4998.063,4998.063,0
1752629661.718323,_depth_est_forward,7525.082,4998.063,4998.063,0
1752629670.085375,_depth_est_forward,7425.133,4998.063,4998.063,0
1752629678.464913,_depth_est_forward,7443.912,4998.063,4998.063,0
1752629686.901155,_depth_est_forward,7417.031,4998.063,4998.063,0
1752629695.213091,_depth_est_forward,7374.595,4998.063,4998.063,0
1752629703.661811,_depth_est_forward,7485.245,4998.063,4998.063,0
1752629712.165725,_depth_est_forward,7513.578,4998.063,4998.063,0
1752629720.509514,_depth_est_forward,7375.112,4998.063,4998.063,0
1752629728.873330,_depth_est_forward,7388.570,4998.063,4998.063,0
1752629737.488610,_depth_est_forward,7571.658,4998.063,4998.063,0
1752629745.798941,_depth_est_forward,7327.817,4998.063,4998.063,0
1752629754.201260,_depth_est_forward,7441.887,4998.063,4998.063,0
1752629762.697382,_depth_est_forward,7514.405,4998.063,4998.063,0
1752629771.036433,_depth_est_forward,7354.343,4998.063,4998.063,0
1752629779.461909,_depth_est_forward,7437.906,4998.063,4998.063,0
1752629787.891340,_depth_est_forward,7445.968,4998.063,4998.063,0
1752629796.339496,_depth_est_forward,7449.368,4998.063,4998.063,0
1752629804.709612,_depth_est_forward,7384.383,4998.063,4998.063,0
1752629813.061511,_depth_est_forward,7368.216,4998.063,4998.063,0
1752629821.504960,_depth_est_forward,7411.647,4998.063,4998.063,0
1752629830.126380,_depth_est_forward,7618.940,4998.063,4998.063,0
1752629838.467787,_depth_est_forward,7334.705,4998.063,4998.063,0
1752629846.732270,_depth_est_forward,7400.472,4998.063,4998.063,0
1752629855.241533,_depth_est_forward,7473.063,4998.063,4998.063,0
1752629863.699758,_depth_est_forward,7427.380,4998.063,4998.063,0
1752629872.219418,_depth_est_forward,7479.123,4998.063,4998.063,0
1752629880.614430,_depth_est_forward,7390.978,4998.063,4998.063,0
1752629889.046437,_depth_est_forward,7392.778,4998.063,4998.063,0
1752629897.472507,_depth_est_forward,7388.208,4998.063,4998.063,0
1752629906.039802,_depth_est_forward,7568.952,4998.063,4998.063,0
1752629914.528487,_depth_est_forward,7422.325,4998.063,4998.063,0
1752629923.038039,_depth_est_forward,7445.195,4998.063,4998.063,0
1752629931.496689,_depth_est_forward,7391.022,4998.063,4998.063,0
1752629939.746114,_depth_est_forward,7324.854,4998.063,4998.063,0
1752629948.095391,_depth_est_forward,7339.499,4998.063,4998.063,0
1752629956.471309,_depth_est_forward,7320.856,4998.063,4998.063,0
1752629964.843208,_depth_est_forward,7348.222,4998.063,4998.063,0
1752629973.232440,_depth_est_forward,7343.607,4998.063,4998.063,0
1752629981.566217,_depth_est_forward,7335.195,4998.063,4998.063,0
1752629990.012110,_depth_est_forward,7373.419,4998.063,4998.063,0
1752629998.558518,_depth_est_forward,7489.540,4998.063,4998.063,0
1752630006.926114,_depth_est_forward,7342.323,4998.063,4998.063,0
1752630015.349503,_depth_est_forward,7329.197,4998.063,4998.063,0
1752630023.816358,_depth_est_forward,7306.714,4998.063,4998.063,0
1752630032.185650,_depth_est_forward,7434.995,4998.063,4998.063,0
1752630040.814538,_depth_est_forward,7417.423,4998.063,4998.063,0
1752630049.334325,_depth_est_forward,7324.216,4998.063,4998.063,0
1752630057.841299,_depth_est_forward,7332.438,4998.063,4998.063,0
1752630066.388329,_depth_est_forward,7417.733,4998.063,4998.063,0
1752630075.049124,_depth_est_forward,7448.880,4998.063,4998.063,0
1752630083.638775,_depth_est_forward,7375.821,4998.063,4998.063,0
1752630092.369513,_depth_est_forward,7440.111,4998.063,4998.063,0
1752630101.042603,_depth_est_forward,7428.954,4998.063,4998.063,0
1752630109.588778,_depth_est_forward,7328.221,4998.063,4998.063,0
1752630118.193996,_depth_est_forward,7331.845,4998.063,4998.063,0
1752630126.458748,_depth_est_forward,7339.127,4998.063,4998.063,0
1752630135.244274,_depth_est_forward,7504.779,4998.063,4998.063,0
1752630143.783640,_depth_est_forward,7334.644,4998.063,4998.063,0
1752630152.465999,_depth_est_forward,7385.249,4998.063,4998.063,0
1752630161.103607,_depth_est_forward,7329.468,4998.063,4998.063,0
1752630169.752821,_depth_est_forward,7341.860,4998.063,4998.063,0
1752630178.604136,_depth_est_forward,7508.539,4998.063,4998.063,0
1752630187.251489,_depth_est_forward,7324.468,4998.063,4998.063,0
1752630196.027520,_depth_est_forward,7446.692,4998.063,4998.063,0
1752630204.825520,_depth_est_forward,7358.643,4998.063,4998.063,0
1752630213.487147,_depth_est_forward,7390.932,4998.063,4998.063,0
1752630221.772849,_depth_est_forward,7382.134,4998.063,4998.063,0
1752630230.132981,_depth_est_forward,7440.443,4998.063,4998.063,0
1752630238.834705,_depth_est_forward,7409.963,4998.063,4998.063,0
1752630247.465316,_depth_est_forward,7345.838,4998.063,4998.063,0
1752630256.357131,_depth_est_forward,7561.922,4998.063,4998.063,0
1752630265.733022,_depth_est_forward,7898.628,4998.063,4998.063,0
1752630298.719645,_depth_est_forward,31358.191,4998.063,4998.063,0
1752630329.629011,_depth_est_forward,29656.888,4998.063,4998.063,0
1752630360.414259,_depth_est_forward,29395.713,4998.063,4998.063,0
1752630391.192745,_depth_est_forward,29221.311,4998.063,4998.063,0
1752630422.735231,_depth_est_forward,30266.361,4998.063,4998.063,0
1752630456.479703,_depth_est_forward,31562.531,4998.063,4998.063,0
1752630488.643839,_depth_est_forward,30994.847,4998.063,4998.063,0
1752630519.577622,_depth_est_forward,29177.617,4998.063,4998.063,0
1752630550.749689,_depth_est_forward,30004.069,4998.063,4998.063,0
1752630581.833170,_depth_est_forward,29340.050,4998.063,4998.063,0
1752630613.011823,_depth_est_forward,29526.446,4998.063,4998.063,0
1752630643.748003,_depth_est_forward,29395.315,4998.063,4998.063,0
1752630676.434118,_depth_est_forward,30621.862,4998.063,4998.063,0
1752630708.102848,_depth_est_forward,30327.852,4998.063,4998.063,0
1752630739.376732,_depth_est_forward,29968.610,4998.063,4998.063,0
1752630772.372922,_depth_est_forward,31439.174,4998.063,4998.063,0
1752630804.656604,_depth_est_forward,30744.929,4998.063,4998.063,0
1752630834.868793,_depth_est_forward,29248.452,4998.063,4998.063,0
1752630866.607306,_depth_est_forward,30173.474,4998.063,4998.063,0
