timestamp,method,elapsed_ms,current_mem_mb,peak_mem_mb,recompiled
1752590178.417495,_depth_est_forward,28339.864,5164.418,8193.234,1
1752590224.628836,_depth_est_forward,42472.038,5168.106,8196.767,0
1752590399.414465,_depth_est_forward,37044.551,5173.555,8192.840,1
1752590443.160559,_depth_est_forward,43464.886,5214.992,8400.366,0
1752590484.437019,_depth_est_forward,41154.888,5228.118,8413.978,0
1752590527.741908,_depth_est_forward,43147.993,5242.127,8427.992,0
1752590571.722363,_depth_est_forward,43858.847,5255.318,8440.597,0
1752590613.169270,_depth_est_forward,41272.374,5269.459,8454.803,0
1752590656.384131,_depth_est_forward,43008.264,5282.584,8467.929,0
1752590700.040347,_depth_est_forward,43470.997,5296.131,8481.476,0
1752590742.037238,_depth_est_forward,41871.649,5309.256,8494.601,0
1752590784.269711,_depth_est_forward,41915.599,5322.877,8509.004,0
1752590826.559572,_depth_est_forward,42117.123,5336.031,8521.347,0
1752590869.493777,_depth_est_forward,42754.412,5349.156,8534.500,0
1752590911.725301,_depth_est_forward,42027.936,5362.281,8547.691,0
1752590953.702181,_depth_est_forward,41736.150,5375.406,8560.751,0
1752590994.053194,_depth_est_forward,40170.953,5388.531,8573.872,0
1752591034.368636,_depth_est_forward,40205.400,5401.656,8588.029,0
1752591075.539707,_depth_est_forward,40998.876,5414.781,8601.150,0
1752591115.639730,_depth_est_forward,39963.492,5427.907,8614.001,0
1752591155.559589,_depth_est_forward,39790.679,5441.032,8627.126,0
1752591198.440368,_depth_est_forward,42744.474,5454.157,8640.251,0
1752591240.558578,_depth_est_forward,41931.042,5467.282,8653.376,0
1752591281.559243,_depth_est_forward,40855.850,5480.407,8666.501,0
1752591322.928002,_depth_est_forward,41192.628,5493.532,8679.626,0
1752591402.357002,_depth_est_forward,79267.867,5506.657,8692.751,0
1752591456.643943,_depth_est_forward,54092.181,5519.782,8705.876,0
1752591506.641141,_depth_est_forward,49861.236,5532.908,8719.002,0
1752591554.493709,_depth_est_forward,47655.433,5546.323,8732.418,0
1752591598.037711,_depth_est_forward,43281.599,5559.449,8745.543,0
1752591640.236113,_depth_est_forward,42051.854,5573.590,8759.684,0
1752591680.939660,_depth_est_forward,40537.443,5586.715,8772.809,0
1752591723.637420,_depth_est_forward,42574.968,5599.840,8785.934,0
1752591763.913739,_depth_est_forward,40125.787,5613.981,8800.075,0
1752591806.070573,_depth_est_forward,42000.670,5627.106,8813.200,0
1752591847.172801,_depth_est_forward,40920.764,5640.231,8826.325,0
1752591886.939631,_depth_est_forward,39568.559,5653.356,8839.450,0
1752591928.999377,_depth_est_forward,41893.300,5666.481,8852.575,0
1752591969.867142,_depth_est_forward,40740.284,5679.606,8865.700,0
1752592010.627831,_depth_est_forward,40552.329,5693.747,8879.841,0
1752592050.518761,_depth_est_forward,39811.266,5706.872,8892.966,0
1752592091.191826,_depth_est_forward,40568.144,5719.997,8906.092,0
1752592137.264044,_depth_est_forward,45918.408,5733.123,8919.217,0
1752592177.377108,_depth_est_forward,39991.324,5746.248,8932.342,0
1752592218.729884,_depth_est_forward,41219.248,5759.373,8945.467,0
1752592257.599451,_depth_est_forward,38788.480,5772.498,8958.592,0
1752592297.933388,_depth_est_forward,40229.220,5785.623,8971.717,0
1752592348.611352,_depth_est_forward,50530.052,5798.748,8984.842,0
1752592391.084364,_depth_est_forward,42247.443,5811.873,8997.967,0
1752592436.361715,_depth_est_forward,45136.308,5824.998,9011.092,0
1752592480.519100,_depth_est_forward,43977.872,5838.124,9024.218,0
1752592520.085139,_depth_est_forward,39425.936,5851.249,9037.343,0
1752592562.421634,_depth_est_forward,42152.953,5864.374,9050.468,0
1752592604.405561,_depth_est_forward,41779.491,5877.499,9063.593,0
1752592647.747003,_depth_est_forward,43221.078,5890.624,9076.718,0
1752592699.584400,_depth_est_forward,51658.320,5903.749,9089.843,0
1752592752.631074,_depth_est_forward,52862.674,5916.874,9102.968,0
1752592803.596765,_depth_est_forward,50721.772,5929.999,9116.093,0
1752592855.971094,_depth_est_forward,52285.282,5943.124,9129.219,0
1752592907.867596,_depth_est_forward,51751.300,5956.250,9142.344,0
1752592950.604536,_depth_est_forward,42602.640,5969.375,9155.469,0
1752593003.107026,_depth_est_forward,52349.201,5982.500,9168.594,0
1752593054.240330,_depth_est_forward,51008.111,5996.641,9181.719,0
1752593118.924362,_depth_est_forward,64560.816,6009.766,9195.860,0
1752593182.435525,_depth_est_forward,63372.890,6022.891,9208.985,0
1752594128.233394,_depth_est_forward,30814.261,5173.555,8192.840,1
1752594172.352798,_depth_est_forward,43837.540,5214.992,8400.366,0
1752594332.400492,_depth_est_forward,50696.958,5173.555,8192.840,1
1752594650.137050,_depth_est_forward,96118.694,5164.418,8195.843,1
1752594848.669916,_depth_est_forward,22325.918,5164.418,8193.234,1
1752594859.606906,_depth_est_forward,9514.868,5168.106,8196.767,0
1752594869.875383,_depth_est_forward,9063.469,5005.438,5180.313,0
1752594880.210597,_depth_est_forward,9081.288,5009.126,5009.126,0
1752594890.771542,_depth_est_forward,9233.315,5012.814,5012.814,0
1752594901.956782,_depth_est_forward,9219.725,5016.502,5016.502,0
1752594913.248408,_depth_est_forward,9237.737,5020.190,5020.190,0
1752594924.217082,_depth_est_forward,9111.390,5023.878,5023.878,0
1752594935.579648,_depth_est_forward,9316.532,5027.566,5027.566,0
1752594946.856846,_depth_est_forward,9206.252,5030.205,5030.205,0
1752594957.285316,_depth_est_forward,9162.835,5033.893,5033.893,0
1752594967.251275,_depth_est_forward,9052.453,5037.581,5037.581,0
1752594977.649103,_depth_est_forward,9120.303,5041.269,5041.269,0
1752594987.682581,_depth_est_forward,9117.086,5044.957,5044.957,0
1752594998.791121,_depth_est_forward,9106.411,5048.645,5048.645,0
1752595008.990151,_depth_est_forward,9240.687,5052.333,5052.333,0
1752595020.383862,_depth_est_forward,9284.379,5056.021,5056.021,0
1752595030.978716,_depth_est_forward,9067.092,5059.709,5059.709,0
1752595041.823707,_depth_est_forward,8860.168,5063.397,5063.397,0
1752595053.154885,_depth_est_forward,9309.734,5067.085,5067.085,0
1752595064.297341,_depth_est_forward,9364.071,5070.773,5070.773,0
1752595075.526474,_depth_est_forward,9314.356,5074.461,5074.461,0
1752595087.057989,_depth_est_forward,9368.106,5078.149,5078.149,0
1752595098.488327,_depth_est_forward,9410.381,5081.837,5081.837,0
1752595109.843028,_depth_est_forward,9392.256,5085.524,5085.524,0
1752595120.540034,_depth_est_forward,9277.152,5089.212,5089.212,0
1752595131.652389,_depth_est_forward,9086.136,5092.900,5092.900,0
1752595142.953062,_depth_est_forward,9143.887,5096.588,5096.588,0
1752595154.089216,_depth_est_forward,9286.619,5100.276,5100.276,0
1752595165.538823,_depth_est_forward,9384.250,5103.964,5103.964,0
1752595176.997249,_depth_est_forward,9312.260,5107.652,5107.652,0
1752595188.384517,_depth_est_forward,9307.196,5111.340,5111.340,0
1752595199.644142,_depth_est_forward,9234.683,5115.028,5115.028,0
1752595211.273710,_depth_est_forward,9376.372,5118.716,5118.716,0
1752595222.949127,_depth_est_forward,9463.495,5122.404,5122.404,0
1752595234.489915,_depth_est_forward,9294.671,5126.092,5126.092,0
1752595245.458064,_depth_est_forward,9527.559,5129.780,5129.780,0
1752595257.272646,_depth_est_forward,9707.463,5133.468,5133.468,0
1752595268.918033,_depth_est_forward,9558.514,5137.156,5137.156,0
1752595280.594458,_depth_est_forward,9632.137,5140.844,5140.844,0
1752595292.218462,_depth_est_forward,9532.640,5144.531,5144.531,0
1752595303.790346,_depth_est_forward,9416.690,5148.219,5148.219,0
1752595315.056614,_depth_est_forward,9254.349,5151.907,5151.907,0
1752595326.399345,_depth_est_forward,9392.351,5155.595,5155.595,0
1752595337.995467,_depth_est_forward,9628.059,5159.283,5159.283,0
1752595350.039614,_depth_est_forward,9963.882,5163.217,5163.217,0
1752595361.973033,_depth_est_forward,9825.594,5166.905,5166.905,0
1752595373.171939,_depth_est_forward,9682.625,5170.593,5170.593,0
1752595384.952035,_depth_est_forward,9766.692,5174.281,5174.281,0
1752595396.625113,_depth_est_forward,9782.145,5177.969,5177.969,0
1752595408.333962,_depth_est_forward,9669.815,5181.657,5181.657,0
1752595535.135636,_depth_est_forward,124255.666,5185.345,5185.345,0
1752595601.806018,_depth_est_forward,52953.917,5189.032,5189.032,0
1752595650.072642,_depth_est_forward,39305.373,5192.720,5192.720,0
1752595683.902816,_depth_est_forward,31884.508,5196.408,5196.408,0
1752595717.809319,_depth_est_forward,31883.090,5200.096,5200.096,0
1752595751.821230,_depth_est_forward,31879.243,5203.784,5203.784,0
1752595785.754239,_depth_est_forward,31802.526,5207.472,5207.472,0
1752595819.237636,_depth_est_forward,31889.254,5211.439,5211.439,0
1752595853.210047,_depth_est_forward,31840.767,5214.848,5214.848,0
1752595886.038390,_depth_est_forward,31895.303,5218.536,5218.536,0
1752595919.655998,_depth_est_forward,32108.976,5222.224,5222.224,0
1752595954.108733,_depth_est_forward,32464.914,5225.912,5225.912,0
1752595987.987346,_depth_est_forward,32053.442,5229.600,5229.600,0
1752596022.042680,_depth_est_forward,32015.926,5233.288,5233.288,0
1752596055.952881,_depth_est_forward,31990.953,5236.976,5236.976,0
1752596089.827963,_depth_est_forward,31943.628,5240.664,5240.664,0
1752596123.841885,_depth_est_forward,32035.793,5244.351,5244.351,0
1752596158.008602,_depth_est_forward,32145.206,5248.039,5248.039,0
1752596191.509901,_depth_est_forward,31938.776,5251.727,5251.727,0
1752596225.479160,_depth_est_forward,31954.001,5255.415,5255.415,0
1752596257.459688,_depth_est_forward,29943.441,5259.103,5259.103,0
1752596287.984025,_depth_est_forward,28973.464,5262.791,5262.791,0
1752596318.571725,_depth_est_forward,28950.444,5266.479,5266.479,0
1752596348.286262,_depth_est_forward,28993.888,5270.167,5270.167,0
1752596378.722901,_depth_est_forward,28980.838,5273.855,5273.855,0
1752596408.970404,_depth_est_forward,29012.710,5277.543,5277.543,0
1752596439.422232,_depth_est_forward,28969.706,5281.231,5281.231,0
1752596469.914289,_depth_est_forward,28995.531,5284.919,5284.919,0
1752596500.395685,_depth_est_forward,28959.622,5288.607,5288.607,0
1752596530.539534,_depth_est_forward,28963.984,5292.573,5292.573,0
1752596561.002846,_depth_est_forward,28958.178,5295.983,5295.983,0
1752596591.591020,_depth_est_forward,28955.750,5299.671,5299.671,0
1752596622.211281,_depth_est_forward,28989.963,5303.358,5303.358,0
1752596652.516210,_depth_est_forward,28974.981,5307.046,5307.046,0
1752596683.084099,_depth_est_forward,28988.742,5310.734,5310.734,0
1752596713.681508,_depth_est_forward,28983.089,5314.422,5314.422,0
1752596744.191171,_depth_est_forward,28975.580,5318.110,5318.110,0
1752596774.371258,_depth_est_forward,28953.951,5321.798,5321.798,0
1752596805.093768,_depth_est_forward,28993.486,5325.486,5325.486,0
1752596835.942675,_depth_est_forward,29013.764,5329.174,5329.174,0
1752596866.338948,_depth_est_forward,28996.673,5332.862,5332.862,0
1752596897.168583,_depth_est_forward,29022.046,5336.550,5336.550,0
1752596927.943084,_depth_est_forward,28980.072,5340.238,5340.238,0
1752596958.617752,_depth_est_forward,28913.627,5343.926,5343.926,0
1752596989.422010,_depth_est_forward,29000.890,5347.614,5347.614,0
1752597020.225658,_depth_est_forward,28995.573,5351.302,5351.302,0
1752597051.001120,_depth_est_forward,28981.313,5354.990,5354.990,0
1752597081.845470,_depth_est_forward,29029.689,5358.678,5358.678,0
1752597112.575991,_depth_est_forward,28965.801,5362.365,5362.365,0
1752597143.368817,_depth_est_forward,29037.303,5366.053,5366.053,0
1752597174.040060,_depth_est_forward,28991.700,5369.741,5369.741,0
1752597204.328799,_depth_est_forward,28977.740,5373.429,5373.429,0
1752597235.007276,_depth_est_forward,28974.272,5377.904,5377.904,0
1752597265.548907,_depth_est_forward,28930.228,5380.805,5380.805,0
1752597296.185536,_depth_est_forward,28929.806,5384.493,5384.493,0
1752597326.866596,_depth_est_forward,28982.822,5388.181,5388.181,0
1752597357.478726,_depth_est_forward,28972.951,5391.869,5391.869,0
1752597388.127259,_depth_est_forward,28970.655,5395.557,5395.557,0
1752597418.776524,_depth_est_forward,28954.845,5399.245,5399.245,0
1752597449.483767,_depth_est_forward,29007.635,5402.933,5402.933,0
1752597480.133677,_depth_est_forward,28950.891,5406.621,5406.621,0
1752597510.879614,_depth_est_forward,28995.936,5410.309,5410.309,0
1752597541.168996,_depth_est_forward,28980.399,5413.997,5413.997,0
1752597571.467825,_depth_est_forward,28956.187,5417.684,5417.684,0
1752597602.197762,_depth_est_forward,28965.936,5421.372,5421.372,0
1752597632.966070,_depth_est_forward,28984.553,5425.060,5425.060,0
1752597663.713512,_depth_est_forward,28953.264,5428.748,5428.748,0
1752597694.420585,_depth_est_forward,28967.474,5432.436,5432.436,0
1752597725.211881,_depth_est_forward,28954.341,5436.124,5436.124,0
1752597756.038604,_depth_est_forward,29024.397,5439.812,5439.812,0
1752597786.830016,_depth_est_forward,28975.131,5443.500,5443.500,0
1752597817.584095,_depth_est_forward,28962.845,5447.188,5447.188,0
1752597848.265832,_depth_est_forward,28907.796,5450.876,5450.876,0
1752597878.953407,_depth_est_forward,28901.722,5454.564,5454.564,0
1752597909.155113,_depth_est_forward,28907.794,5458.252,5458.252,0
1752597939.867200,_depth_est_forward,28887.373,5462.726,5462.726,0
1752597970.551618,_depth_est_forward,28868.612,5465.628,5465.628,0
1752598001.222837,_depth_est_forward,28932.922,5469.316,5469.316,0
1752598031.834042,_depth_est_forward,28898.190,5473.004,5473.004,0
1752598062.417131,_depth_est_forward,28912.606,5476.691,5476.691,0
1752598092.886449,_depth_est_forward,28933.935,5480.379,5480.379,0
1752598123.307513,_depth_est_forward,28899.935,5484.067,5484.067,0
1752598153.803102,_depth_est_forward,28877.287,5487.755,5487.755,0
1752598184.169708,_depth_est_forward,28914.823,5491.443,5491.443,0
1752598214.633796,_depth_est_forward,28899.686,5495.131,5495.131,0
1752598244.857524,_depth_est_forward,28930.855,5498.819,5498.819,0
1752598275.421041,_depth_est_forward,28935.923,5502.507,5502.507,0
1752598305.903128,_depth_est_forward,28954.247,5506.195,5506.195,0
1752598336.502614,_depth_est_forward,28923.607,5509.883,5509.883,0
1752598367.083367,_depth_est_forward,28886.775,5513.571,5513.571,0
1752598397.677128,_depth_est_forward,28909.366,5517.259,5517.259,0
1752598428.211005,_depth_est_forward,28912.979,5520.947,5520.947,0
1752598458.568218,_depth_est_forward,28931.720,5524.635,5524.635,0
1752598488.934238,_depth_est_forward,28924.780,5528.323,5528.323,0
1752598519.453838,_depth_est_forward,28950.771,5532.010,5532.010,0
1752598549.936223,_depth_est_forward,28908.691,5535.698,5535.698,0
1752598580.139726,_depth_est_forward,28952.941,5539.386,5539.386,0
1752598610.611216,_depth_est_forward,28877.431,5543.074,5543.074,0
1752598641.211227,_depth_est_forward,28950.869,5547.549,5547.549,0
1752598671.853827,_depth_est_forward,28965.150,5550.450,5550.450,0
1752598702.500650,_depth_est_forward,28955.446,5554.138,5554.138,0
1752598733.196457,_depth_est_forward,28954.002,5557.826,5557.826,0
1752598763.896446,_depth_est_forward,28973.804,5561.514,5561.514,0
1752598794.502376,_depth_est_forward,28910.880,5565.202,5565.202,0
1752598825.086069,_depth_est_forward,28913.298,5568.890,5568.890,0
1752598855.703115,_depth_est_forward,28912.889,5572.578,5572.578,0
1752598886.345332,_depth_est_forward,28910.106,5576.266,5576.266,0
1752598916.542981,_depth_est_forward,28887.695,5579.954,5579.954,0
1752598947.162472,_depth_est_forward,28987.227,5583.642,5583.642,0
1752598977.792564,_depth_est_forward,28948.222,5587.330,5587.330,0
1752599008.461372,_depth_est_forward,28968.609,5591.017,5591.017,0
1752599039.073403,_depth_est_forward,28958.678,5594.705,5594.705,0
1752599069.631757,_depth_est_forward,28926.380,5598.393,5598.393,0
1752599100.187503,_depth_est_forward,28948.567,5602.081,5602.081,0
1752599130.691293,_depth_est_forward,28911.929,5605.769,5605.769,0
1752599161.205322,_depth_est_forward,28941.795,5609.457,5609.457,0
1752599191.690478,_depth_est_forward,28922.295,5613.145,5613.145,0
1752599222.082103,_depth_est_forward,28873.894,5616.833,5616.833,0
1752599252.369960,_depth_est_forward,28929.663,5620.521,5620.521,0
1752599282.731841,_depth_est_forward,28943.277,5624.209,5624.209,0
1752599313.130085,_depth_est_forward,28920.691,5627.897,5627.897,0
1752599343.468853,_depth_est_forward,28921.141,5632.371,5632.371,0
1752599373.801320,_depth_est_forward,28930.098,5635.273,5635.273,0
1752599404.235594,_depth_est_forward,29031.652,5638.961,5638.961,0
1752599434.618635,_depth_est_forward,28942.845,5642.649,5642.649,0
1752599465.024024,_depth_est_forward,28980.616,5646.337,5646.337,0
1752599495.424720,_depth_est_forward,28994.370,5650.024,5650.024,0
1752599525.742997,_depth_est_forward,28924.062,5653.712,5653.712,0
1752599556.048367,_depth_est_forward,28962.060,5657.400,5657.400,0
1752599586.232759,_depth_est_forward,28901.755,5661.088,5661.088,0
1752599616.475436,_depth_est_forward,28892.466,5664.776,5664.776,0
1752599646.753531,_depth_est_forward,28911.372,5668.464,5668.464,0
1752599677.103027,_depth_est_forward,28955.675,5672.152,5672.152,0
1752599707.437424,_depth_est_forward,28960.358,5675.840,5675.840,0
1752599737.744418,_depth_est_forward,28935.200,5679.528,5679.528,0
1752599767.997718,_depth_est_forward,28909.465,5683.216,5683.216,0
1752599798.273936,_depth_est_forward,28912.581,5686.904,5686.904,0
1752599828.521202,_depth_est_forward,28922.774,5690.592,5690.592,0
1752599858.822115,_depth_est_forward,28925.363,5694.280,5694.280,0
1752599889.081246,_depth_est_forward,28909.384,5697.968,5697.968,0
1752599919.309785,_depth_est_forward,28915.291,5701.656,5701.656,0
1752599949.555612,_depth_est_forward,28895.844,5705.343,5705.343,0
1752599979.832929,_depth_est_forward,28922.033,5709.031,5709.031,0
1752600010.149163,_depth_est_forward,28973.714,5712.719,5712.719,0
1752600040.441646,_depth_est_forward,28930.387,5717.194,5717.194,0
1752600070.712845,_depth_est_forward,28935.865,5720.095,5720.095,0
1752600101.005007,_depth_est_forward,28960.266,5723.783,5723.783,0
1752600131.271090,_depth_est_forward,28940.503,5727.471,5727.471,0
1752600161.557818,_depth_est_forward,28950.824,5731.159,5731.159,0
1752600191.873248,_depth_est_forward,28958.975,5734.847,5734.847,0
1752600222.194552,_depth_est_forward,28975.914,5738.535,5738.535,0
1752600252.470747,_depth_est_forward,28942.832,5742.223,5742.223,0
1752600282.697120,_depth_est_forward,28913.181,5745.911,5745.911,0
1752600312.892308,_depth_est_forward,28895.263,5749.599,5749.599,0
1752600343.010076,_depth_est_forward,28891.509,5753.287,5753.287,0
1752600373.153148,_depth_est_forward,28869.667,5756.975,5756.975,0
1752600403.422344,_depth_est_forward,28945.949,5760.663,5760.663,0
1752600433.670781,_depth_est_forward,28966.206,5764.350,5764.350,0
1752600463.876008,_depth_est_forward,28890.298,5768.038,5768.038,0
1752600494.106884,_depth_est_forward,28902.495,5771.726,5771.726,0
1752600524.362853,_depth_est_forward,28920.672,5775.414,5775.414,0
1752600554.632141,_depth_est_forward,28918.894,5779.102,5779.102,0
1752600584.870603,_depth_est_forward,28919.338,5782.790,5782.790,0
1752600615.141645,_depth_est_forward,28946.903,5786.478,5786.478,0
1752600645.393353,_depth_est_forward,28911.176,5790.166,5790.166,0
1752600675.592170,_depth_est_forward,28914.812,5793.854,5793.854,0
1752600705.786844,_depth_est_forward,28908.497,5797.542,5797.542,0
1752600736.050782,_depth_est_forward,28926.770,5801.230,5801.230,0
1752600766.296264,_depth_est_forward,28905.469,5804.918,5804.918,0
1752600796.556991,_depth_est_forward,28948.617,5808.606,5808.606,0
1752600826.774185,_depth_est_forward,28900.824,5812.294,5812.294,0
1752600857.012705,_depth_est_forward,28921.408,5815.982,5815.982,0
1752600887.265367,_depth_est_forward,28920.817,5819.670,5819.670,0
1752600917.530126,_depth_est_forward,28948.574,5823.357,5823.357,0
1752600947.800406,_depth_est_forward,28958.685,5827.045,5827.045,0
1752600977.986291,_depth_est_forward,28929.955,5830.733,5830.733,0
1752601008.175901,_depth_est_forward,28892.265,5834.421,5834.421,0
1752601038.362898,_depth_est_forward,28920.951,5838.109,5838.109,0
1752601068.556267,_depth_est_forward,28901.090,5841.797,5841.797,0
1752601098.781065,_depth_est_forward,28919.519,5845.485,5845.485,0
1752601128.989372,_depth_est_forward,28929.908,5849.173,5849.173,0
1752601159.234062,_depth_est_forward,28968.187,5852.861,5852.861,0
1752601189.448727,_depth_est_forward,28954.426,5856.549,5856.549,0
1752601219.721102,_depth_est_forward,28970.952,5860.237,5860.237,0
1752601249.909194,_depth_est_forward,28924.461,5863.925,5863.925,0
1752601280.157358,_depth_est_forward,28926.936,5867.613,5867.613,0
1752601310.368901,_depth_est_forward,28942.572,5871.301,5871.301,0
1752601340.604971,_depth_est_forward,28942.063,5874.989,5874.989,0
1752601370.858887,_depth_est_forward,28949.825,5878.676,5878.676,0
1752601401.060959,_depth_est_forward,28935.859,5882.364,5882.364,0
1752601431.294358,_depth_est_forward,28945.044,5886.052,5886.052,0
1752601461.558758,_depth_est_forward,28966.900,5889.740,5889.740,0
1752601491.772687,_depth_est_forward,28953.341,5893.428,5893.428,0
1752601521.956394,_depth_est_forward,28937.919,5897.116,5897.116,0
1752601552.126441,_depth_est_forward,28916.753,5900.804,5900.804,0
1752601582.343622,_depth_est_forward,28952.430,5904.492,5904.492,0
1752601612.596121,_depth_est_forward,28968.979,5908.180,5908.180,0
1752601642.825293,_depth_est_forward,28973.332,5911.868,5911.868,0
1752601673.018826,_depth_est_forward,28940.253,5915.556,5915.556,0
1752601703.184998,_depth_est_forward,28930.433,5919.244,5919.244,0
1752601733.379029,_depth_est_forward,28910.653,5922.932,5922.932,0
1752601763.524519,_depth_est_forward,28889.276,5926.620,5926.620,0
1752601793.698309,_depth_est_forward,28934.335,5930.308,5930.308,0
1752601823.921325,_depth_est_forward,28948.519,5933.996,5933.996,0
1752601854.143618,_depth_est_forward,28941.866,5937.683,5937.683,0
1752601884.390267,_depth_est_forward,28980.896,5941.371,5941.371,0
1752601914.616271,_depth_est_forward,28967.035,5945.059,5945.059,0
1752601944.844694,_depth_est_forward,28947.699,5948.747,5948.747,0
1752601974.999302,_depth_est_forward,28934.893,5952.435,5952.435,0
1752602005.163061,_depth_est_forward,28930.378,5956.123,5956.123,0
1752602035.413797,_depth_est_forward,28990.587,5959.811,5959.811,0
1752602065.685690,_depth_est_forward,28980.206,5963.499,5963.499,0
1752602095.891629,_depth_est_forward,28974.640,5967.187,5967.187,0
1752602126.076670,_depth_est_forward,28945.069,5970.875,5970.875,0
1752602156.304569,_depth_est_forward,28955.138,5974.563,5974.563,0
1752602186.417451,_depth_est_forward,28933.923,5978.251,5978.251,0
1752602216.542517,_depth_est_forward,28904.831,5981.939,5981.939,0
1752602246.550973,_depth_est_forward,28921.064,5985.627,5985.627,0
1752602276.616631,_depth_est_forward,28900.333,5989.315,5989.315,0
1752602306.719250,_depth_est_forward,28925.704,5993.002,5993.002,0
1752602336.848349,_depth_est_forward,28959.871,5996.690,5996.690,0
1752602366.967897,_depth_est_forward,28953.359,6000.378,6000.378,0
1752602397.018930,_depth_est_forward,28904.179,6004.066,6004.066,0
1752602427.086859,_depth_est_forward,28912.814,6007.754,6007.754,0
1752602457.135850,_depth_est_forward,28925.489,6011.442,6011.442,0
1752602487.243265,_depth_est_forward,28939.212,6015.130,6015.130,0
1752602517.319557,_depth_est_forward,28929.266,6018.818,6018.818,0
1752602547.473082,_depth_est_forward,28991.641,6022.506,6022.506,0
1752602577.565678,_depth_est_forward,28946.599,6026.194,6026.194,0
1752602607.676933,_depth_est_forward,28939.553,6029.882,6029.882,0
1752602637.751827,_depth_est_forward,28930.376,6033.570,6033.570,0
1752602667.848701,_depth_est_forward,28948.780,6037.258,6037.258,0
1752602697.990135,_depth_est_forward,28908.650,6040.946,6040.946,0
1752602728.002254,_depth_est_forward,28932.403,6044.634,6044.634,0
1752602758.041005,_depth_est_forward,28899.628,6048.322,6048.322,0
1752602788.174128,_depth_est_forward,28961.710,6052.009,6052.009,0
1752602818.262379,_depth_est_forward,28945.309,6055.697,6055.697,0
1752602848.341968,_depth_est_forward,28920.372,6059.385,6059.385,0
1752602878.474306,_depth_est_forward,28985.796,6063.073,6063.073,0
1752602908.533077,_depth_est_forward,28924.651,6066.761,6066.761,0
1752602938.588755,_depth_est_forward,28903.806,6070.449,6070.449,0
1752602968.642682,_depth_est_forward,28924.092,6074.137,6074.137,0
1752602998.695063,_depth_est_forward,28938.117,6077.825,6077.825,0
1752603028.979985,_depth_est_forward,29007.820,6081.513,6081.513,0
1752603059.195366,_depth_est_forward,28968.183,6085.201,6085.201,0
1752603089.267369,_depth_est_forward,28960.141,6088.889,6088.889,0
1752603119.305423,_depth_est_forward,28931.984,6092.577,6092.577,0
1752603149.523966,_depth_est_forward,29129.675,6096.265,6096.265,0
1752603179.518188,_depth_est_forward,28909.969,6099.953,6099.953,0
1752603209.443947,_depth_est_forward,28855.082,6103.641,6103.641,0
1752603239.489625,_depth_est_forward,28941.067,6107.329,6107.329,0
1752603269.516104,_depth_est_forward,28940.064,6111.016,6111.016,0
1752603299.494067,_depth_est_forward,28903.679,6114.704,6114.704,0
1752603329.554539,_depth_est_forward,28959.601,6118.392,6118.392,0
1752603359.583732,_depth_est_forward,28909.719,6122.080,6122.080,0
1752603389.829128,_depth_est_forward,28928.576,6125.768,6125.768,0
1752603419.903577,_depth_est_forward,28951.361,6129.456,6129.456,0
1752603449.973480,_depth_est_forward,28946.389,6133.144,6133.144,0
1752603480.028596,_depth_est_forward,28942.138,6136.832,6136.832,0
1752603510.071806,_depth_est_forward,28905.866,6140.520,6140.520,0
1752603540.116163,_depth_est_forward,28936.064,6144.208,6144.208,0
1752603570.114120,_depth_est_forward,28905.485,6147.896,6147.896,0
1752603600.181251,_depth_est_forward,28944.852,6151.584,6151.584,0
1752603630.179438,_depth_est_forward,28935.079,6155.272,6155.272,0
1752603660.189530,_depth_est_forward,28908.443,6158.960,6158.960,0
1752603690.255296,_depth_est_forward,28944.699,6162.648,6162.648,0
1752603720.472104,_depth_est_forward,28911.656,6166.335,6166.335,0
1752603750.512859,_depth_est_forward,28939.690,6170.023,6170.023,0
1752603780.534113,_depth_est_forward,28904.338,6173.711,6173.711,0
1752603810.810653,_depth_est_forward,29154.918,6177.399,6177.399,0
1752603841.227950,_depth_est_forward,29062.912,6181.087,6181.087,0
1752603871.277653,_depth_est_forward,28898.949,6184.775,6184.775,0
1752603901.269714,_depth_est_forward,28913.238,6188.463,6188.463,0
1752603931.375161,_depth_est_forward,28962.481,6192.151,6192.151,0
1752603961.495982,_depth_est_forward,28938.347,6195.839,6195.839,0
1752603991.641188,_depth_est_forward,28933.243,6199.527,6199.527,0
1752604021.760326,_depth_est_forward,28932.312,6203.215,6203.215,0
1752604051.951108,_depth_est_forward,28903.125,6206.903,6206.903,0
1752604082.046373,_depth_est_forward,28894.142,6210.591,6210.591,0
1752604112.224477,_depth_est_forward,28939.713,6214.279,6214.279,0
1752604142.400664,_depth_est_forward,28927.717,6217.967,6217.967,0
1752604172.563507,_depth_est_forward,28949.399,6221.655,6221.655,0
1752604202.736215,_depth_est_forward,28906.850,6225.342,6225.342,0
1752604232.955439,_depth_est_forward,28939.919,6229.030,6229.030,0
1752604263.198320,_depth_est_forward,28953.983,6232.718,6232.718,0
1752604293.396467,_depth_est_forward,28922.862,6236.406,6236.406,0
1752604323.609835,_depth_est_forward,28894.794,6240.094,6240.094,0
1752604353.833161,_depth_est_forward,28904.342,6243.782,6243.782,0
1752604384.077530,_depth_est_forward,28925.517,6247.470,6247.470,0
1752604414.317435,_depth_est_forward,28904.214,6251.158,6251.158,0
1752604444.546564,_depth_est_forward,28912.898,6254.846,6254.846,0
1752604474.795217,_depth_est_forward,28904.418,6258.534,6258.534,0
1752604505.011178,_depth_est_forward,28887.709,6262.222,6262.222,0
1752604535.295570,_depth_est_forward,28913.289,6265.910,6265.910,0
1752604565.579169,_depth_est_forward,28923.753,6269.598,6269.598,0
1752604595.853110,_depth_est_forward,28894.836,6273.286,6273.286,0
1752604626.115862,_depth_est_forward,28878.427,6276.974,6276.974,0
1752604656.410948,_depth_est_forward,28915.766,6280.662,6280.662,0
1752604686.737627,_depth_est_forward,28942.265,6284.349,6284.349,0
1752604717.035144,_depth_est_forward,28940.375,6288.037,6288.037,0
1752604747.379477,_depth_est_forward,28927.201,6291.725,6291.725,0
1752604777.724049,_depth_est_forward,28895.968,6295.413,6295.413,0
1752604808.084731,_depth_est_forward,28944.407,6299.101,6299.101,0
1752604838.414892,_depth_est_forward,28912.029,6302.789,6302.789,0
1752604868.745957,_depth_est_forward,28899.744,6306.477,6306.477,0
1752604899.136460,_depth_est_forward,28966.261,6310.165,6310.165,0
1752604929.540279,_depth_est_forward,28958.037,6313.853,6313.853,0
1752604959.926073,_depth_est_forward,28931.139,6317.541,6317.541,0
1752604990.299035,_depth_est_forward,28944.035,6321.229,6321.229,0
1752605020.680167,_depth_est_forward,28944.889,6324.917,6324.917,0
1752605050.929494,_depth_est_forward,28951.969,6328.605,6328.605,0
1752605081.287482,_depth_est_forward,28897.524,6332.293,6332.293,0
1752605111.651571,_depth_est_forward,28892.359,6335.981,6335.981,0
1752605142.051013,_depth_est_forward,28903.782,6339.668,6339.668,0
1752605172.448680,_depth_est_forward,28933.140,6343.356,6343.356,0
1752605202.866091,_depth_est_forward,28910.536,6347.044,6347.044,0
1752605233.293289,_depth_est_forward,28925.584,6350.732,6350.732,0
1752605263.702773,_depth_est_forward,28925.701,6354.420,6354.420,0
1752605294.168012,_depth_est_forward,28898.814,6358.108,6358.108,0
1752605324.591935,_depth_est_forward,28909.343,6361.796,6361.796,0
1752605355.041106,_depth_est_forward,28919.947,6365.484,6365.484,0
1752605385.367944,_depth_est_forward,28940.834,6369.172,6369.172,0
1752605415.777683,_depth_est_forward,28942.475,6372.860,6372.860,0
1752605446.268574,_depth_est_forward,28970.798,6376.548,6376.548,0
1752605476.743924,_depth_est_forward,28950.507,6380.236,6380.236,0
1752605507.178193,_depth_est_forward,28913.512,6383.924,6383.924,0
1752605537.587903,_depth_est_forward,28935.497,6387.612,6387.612,0
1752605568.075052,_depth_est_forward,28943.124,6391.300,6391.300,0
1752605598.521392,_depth_est_forward,28892.663,6394.988,6394.988,0
1752605629.035002,_depth_est_forward,28953.234,6398.675,6398.675,0
1752605659.598797,_depth_est_forward,28907.672,6402.363,6402.363,0
1752605690.301008,_depth_est_forward,28932.857,6406.051,6406.051,0
1752605720.619783,_depth_est_forward,28944.651,6409.739,6409.739,0
1752605751.343633,_depth_est_forward,28906.434,6413.427,6413.427,0
1752605782.057997,_depth_est_forward,28897.397,6417.115,6417.115,0
1752605812.758797,_depth_est_forward,28909.114,6420.803,6420.803,0
1752605843.384753,_depth_est_forward,28901.771,6424.491,6424.491,0
1752605874.139000,_depth_est_forward,28939.867,6428.179,6428.179,0
1752605904.931937,_depth_est_forward,28944.743,6431.867,6431.867,0
1752605935.711363,_depth_est_forward,28925.583,6435.555,6435.555,0
1752605966.531193,_depth_est_forward,28912.009,6439.243,6439.243,0
1752605997.383895,_depth_est_forward,28967.960,6442.931,6442.931,0
1752606028.229183,_depth_est_forward,28922.602,6446.619,6446.619,0
1752606058.498223,_depth_est_forward,28898.926,6450.307,6450.307,0
1752606089.337415,_depth_est_forward,28909.677,6453.994,6453.994,0
1752606120.107199,_depth_est_forward,28880.919,6457.682,6457.682,0
1752606150.983227,_depth_est_forward,28897.269,6461.370,6461.370,0
1752606181.869927,_depth_est_forward,28928.683,6465.058,6465.058,0
1752606212.702130,_depth_est_forward,28924.163,6468.746,6468.746,0
1752606243.564108,_depth_est_forward,28939.837,6472.434,6472.434,0
1752606274.497970,_depth_est_forward,28943.918,6476.122,6476.122,0
1752606305.366798,_depth_est_forward,28891.958,6479.810,6479.810,0
1752606336.261942,_depth_est_forward,28933.139,6483.498,6483.498,0
1752606367.043270,_depth_est_forward,28921.881,6487.186,6487.186,0
1752606397.300211,_depth_est_forward,28912.756,6490.874,6490.874,0
1752606427.635905,_depth_est_forward,28922.261,6494.562,6494.562,0
1752606458.590778,_depth_est_forward,28945.045,6498.250,6498.250,0
1752606489.454647,_depth_est_forward,28881.556,6501.938,6501.938,0
1752606520.366041,_depth_est_forward,28935.297,6505.626,6505.626,0
1752606551.311393,_depth_est_forward,28936.779,6509.314,6509.314,0
1752606582.213315,_depth_est_forward,29120.084,6513.001,6513.001,0
1752606613.248043,_depth_est_forward,29223.999,6516.689,6516.689,0
1752606644.430654,_depth_est_forward,29140.701,6520.377,6520.377,0
1752606675.577343,_depth_est_forward,29100.710,6524.065,6524.065,0
1752606706.560273,_depth_est_forward,29106.848,6527.753,6527.753,0
1752606738.026265,_depth_est_forward,29260.919,6531.441,6531.441,0
1752606768.500536,_depth_est_forward,29068.977,6535.129,6535.129,0
1752606799.418250,_depth_est_forward,29086.781,6538.817,6538.817,0
1752606830.311203,_depth_est_forward,29096.403,6542.505,6542.505,0
1752606861.378611,_depth_est_forward,29068.791,6546.193,6546.193,0
1752606892.382022,_depth_est_forward,29045.589,6549.881,6549.881,0
1752606923.493738,_depth_est_forward,29152.422,6553.569,6553.569,0
1752606954.594178,_depth_est_forward,29128.268,6557.257,6557.257,0
1752606985.696496,_depth_est_forward,29131.473,6560.945,6560.945,0
1752607016.710642,_depth_est_forward,29118.565,6564.633,6564.633,0
1752607047.754320,_depth_est_forward,29121.619,6568.321,6568.321,0
1752607078.837914,_depth_est_forward,29111.406,6572.008,6572.008,0
1752607109.376273,_depth_est_forward,29105.321,6575.696,6575.696,0
1752607140.420025,_depth_est_forward,29144.064,6579.384,6579.384,0
1752607171.434559,_depth_est_forward,29070.656,6583.072,6583.072,0
1752607202.452515,_depth_est_forward,29102.352,6586.760,6586.760,0
1752607233.396919,_depth_est_forward,29057.300,6590.448,6590.448,0
1752607264.402807,_depth_est_forward,29061.946,6594.136,6594.136,0
1752607295.496828,_depth_est_forward,29119.341,6597.824,6597.824,0
1752607326.363887,_depth_est_forward,29128.100,6601.512,6601.512,0
1752607357.420433,_depth_est_forward,29103.059,6605.200,6605.200,0
1752607388.464414,_depth_est_forward,29093.731,6608.888,6608.888,0
1752607419.503006,_depth_est_forward,29115.441,6612.576,6612.576,0
1752607450.001747,_depth_est_forward,29071.887,6616.264,6616.264,0
1752607481.027080,_depth_est_forward,29080.411,6619.952,6619.952,0
1752607511.976933,_depth_est_forward,29056.351,6623.640,6623.640,0
1752607542.872951,_depth_est_forward,29092.893,6627.327,6627.327,0
1752607573.970515,_depth_est_forward,29114.319,6631.015,6631.015,0
1752607605.002859,_depth_est_forward,29075.463,6634.703,6634.703,0
1752607636.049501,_depth_est_forward,29144.429,6638.391,6638.391,0
1752607667.060606,_depth_est_forward,29087.955,6642.079,6642.079,0
1752607698.134660,_depth_est_forward,29126.641,6645.767,6645.767,0
1752607729.217705,_depth_est_forward,29145.732,6649.455,6649.455,0
1752607759.713991,_depth_est_forward,29089.764,6653.143,6653.143,0
1752607790.715408,_depth_est_forward,29085.226,6656.831,6656.831,0
1752607821.721968,_depth_est_forward,29090.137,6660.519,6660.519,0
1752607852.749503,_depth_est_forward,29052.771,6664.207,6664.207,0
1752607883.689097,_depth_est_forward,29089.007,6667.895,6667.895,0
1752607914.704123,_depth_est_forward,29059.043,6671.583,6671.583,0
1752607945.718701,_depth_est_forward,29086.833,6675.271,6675.271,0
1752607976.692712,_depth_est_forward,29036.028,6678.959,6678.959,0
1752608007.743194,_depth_est_forward,29114.770,6682.647,6682.647,0
1752608038.745790,_depth_est_forward,29062.829,6686.334,6686.334,0
1752608069.824517,_depth_est_forward,29122.854,6690.022,6690.022,0
1752608100.258873,_depth_est_forward,29042.685,6693.710,6693.710,0
1752608131.237513,_depth_est_forward,29076.587,6697.398,6697.398,0
1752608162.237231,_depth_est_forward,29157.186,6701.086,6701.086,0
1752608193.259209,_depth_est_forward,29072.074,6704.774,6704.774,0
1752608224.262929,_depth_est_forward,29068.437,6708.462,6708.462,0
1752608255.241420,_depth_est_forward,29072.746,6712.150,6712.150,0
1752608286.245351,_depth_est_forward,29096.442,6715.838,6715.838,0
1752608317.246264,_depth_est_forward,29084.119,6719.526,6719.526,0
1752608348.208656,_depth_est_forward,29040.615,6723.214,6723.214,0
1752608379.230421,_depth_est_forward,29091.575,6726.902,6726.902,0
1752608410.171543,_depth_est_forward,29012.623,6730.590,6730.590,0
1752608440.491033,_depth_est_forward,28991.481,6734.278,6734.278,0
1752608471.370195,_depth_est_forward,29013.015,6737.966,6737.966,0
1752608502.206426,_depth_est_forward,28979.164,6741.654,6741.654,0
1752608533.031604,_depth_est_forward,29003.118,6745.341,6745.341,0
1752608563.968141,_depth_est_forward,29064.646,6749.029,6749.029,0
1752608594.783024,_depth_est_forward,29048.311,6752.717,6752.717,0
1752608625.699918,_depth_est_forward,29083.931,6756.405,6756.405,0
1752608656.536469,_depth_est_forward,29001.651,6760.093,6760.093,0
1752608687.340511,_depth_est_forward,28964.343,6763.781,6763.781,0
1752608718.223353,_depth_est_forward,29071.465,6767.469,6767.469,0
1752608749.024010,_depth_est_forward,29011.561,6771.157,6771.157,0
1752608779.427340,_depth_est_forward,28991.388,6774.845,6774.845,0
1752608810.214286,_depth_est_forward,29019.409,6778.533,6778.533,0
1752608841.025471,_depth_est_forward,29047.744,6782.221,6782.221,0
1752608871.807528,_depth_est_forward,28997.257,6785.909,6785.909,0
1752608902.537416,_depth_est_forward,28954.021,6789.597,6789.597,0
1752608933.275294,_depth_est_forward,28944.064,6793.285,6793.285,0
1752608964.039009,_depth_est_forward,28998.347,6796.973,6796.973,0
1752608994.810011,_depth_est_forward,29016.577,6800.660,6800.660,0
1752609025.473575,_depth_est_forward,29002.117,6804.348,6804.348,0
1752609056.197015,_depth_est_forward,29060.525,6808.397,6808.397,0
1752609086.883617,_depth_est_forward,29027.071,6812.085,6812.085,0
1752609117.364436,_depth_est_forward,29065.456,6815.773,6815.773,0
1752609148.019991,_depth_est_forward,29008.476,6819.461,6819.461,0
1752609178.682162,_depth_est_forward,29007.471,6823.149,6823.149,0
1752609209.344471,_depth_est_forward,29020.758,6826.836,6826.836,0
1752609239.995005,_depth_est_forward,28995.489,6830.524,6830.524,0
1752609270.678360,_depth_est_forward,29027.322,6834.212,6834.212,0
1752609301.287014,_depth_est_forward,28987.008,6837.900,6837.900,0
1752609331.895699,_depth_est_forward,28996.875,6841.588,6841.588,0
1752609362.388412,_depth_est_forward,28996.254,6845.276,6845.276,0
1752609392.964381,_depth_est_forward,28984.738,6848.964,6848.964,0
1752609423.595611,_depth_est_forward,29028.739,6852.652,6852.652,0
1752609453.953970,_depth_est_forward,28969.699,6856.340,6856.340,0
1752609484.578366,_depth_est_forward,29003.667,6860.028,6860.028,0
1752609515.240810,_depth_est_forward,29050.360,6863.716,6863.716,0
1752609545.862809,_depth_est_forward,29030.404,6867.404,6867.404,0
1752609576.465881,_depth_est_forward,29013.408,6871.092,6871.092,0
1752609607.057356,_depth_est_forward,29011.740,6874.780,6874.780,0
1752609637.528183,_depth_est_forward,28991.040,6878.468,6878.468,0
1752609668.047223,_depth_est_forward,28947.704,6882.156,6882.156,0
1752609698.547862,_depth_est_forward,28983.204,6885.843,6885.843,0
1752609729.027275,_depth_est_forward,28982.731,6889.531,6889.531,0
1752609759.533243,_depth_est_forward,29004.489,6893.219,6893.219,0
1752609789.852112,_depth_est_forward,28982.008,6896.907,6896.907,0
1752609820.256706,_depth_est_forward,29001.088,6900.595,6900.595,0
1752609850.772218,_depth_est_forward,29019.098,6904.283,6904.283,0
1752609881.215041,_depth_est_forward,28985.570,6907.971,6907.971,0
1752609911.706588,_depth_est_forward,29002.336,6911.659,6911.659,0
1752609942.196394,_depth_est_forward,28992.103,6915.347,6915.347,0
1752609972.686638,_depth_est_forward,28982.163,6919.035,6919.035,0
1752610003.199678,_depth_est_forward,29000.421,6922.723,6922.723,0
1752610033.734989,_depth_est_forward,29034.105,6926.411,6926.411,0
1752610064.232081,_depth_est_forward,28989.248,6930.099,6930.099,0
1752610094.751030,_depth_est_forward,29003.793,6933.787,6933.787,0
1752610125.217857,_depth_est_forward,28998.141,6937.475,6937.475,0
1752610155.619352,_depth_est_forward,29002.673,6941.162,6941.162,0
1752610186.122615,_depth_est_forward,28971.959,6944.850,6944.850,0
1752610216.707020,_depth_est_forward,29062.485,6948.538,6948.538,0
1752610247.206902,_depth_est_forward,28991.086,6952.226,6952.226,0
1752610277.752346,_depth_est_forward,29031.798,6955.914,6955.914,0
1752610308.242669,_depth_est_forward,28984.768,6959.602,6959.602,0
1752610339.026357,_depth_est_forward,29267.505,6963.651,6963.651,0
1752610369.578243,_depth_est_forward,29027.655,6967.338,6967.338,0
1752610400.135696,_depth_est_forward,29014.309,6971.026,6971.026,0
1752610430.679730,_depth_est_forward,28977.216,6974.714,6974.714,0
1752610461.234888,_depth_est_forward,29028.311,6978.402,6978.402,0
1752610491.651109,_depth_est_forward,29022.989,6982.090,6982.090,0
1752610522.199763,_depth_est_forward,29030.506,6985.778,6985.778,0
1752610552.735852,_depth_est_forward,28993.920,6989.466,6989.466,0
1752610583.236950,_depth_est_forward,29025.618,6993.154,6993.154,0
1752610613.807529,_depth_est_forward,28990.812,6996.842,6996.842,0
1752610644.371263,_depth_est_forward,29006.160,7000.530,7000.530,0
1752610674.945679,_depth_est_forward,28989.953,7004.218,7004.218,0
1752610705.529318,_depth_est_forward,28991.435,7007.906,7007.906,0
1752610736.187136,_depth_est_forward,29019.762,7011.594,7011.594,0
1752610766.790991,_depth_est_forward,29028.818,7015.282,7015.282,0
1752610797.411669,_depth_est_forward,29008.687,7018.970,7018.970,0
1752610827.769380,_depth_est_forward,28984.074,7022.658,7022.658,0
1752610858.328243,_depth_est_forward,28963.072,7026.345,7026.345,0
1752610888.874385,_depth_est_forward,28956.502,7030.033,7030.033,0
1752610919.462292,_depth_est_forward,28978.449,7033.721,7033.721,0
1752610950.147838,_depth_est_forward,29026.699,7037.409,7037.409,0
1752610980.764019,_depth_est_forward,28981.055,7041.097,7041.097,0
1752611011.373600,_depth_est_forward,28985.991,7044.785,7044.785,0
1752611041.983953,_depth_est_forward,29001.256,7048.473,7048.473,0
1752611072.553287,_depth_est_forward,28971.443,7052.161,7052.161,0
1752611103.109718,_depth_est_forward,28965.741,7055.849,7055.849,0
1752611133.706080,_depth_est_forward,29005.097,7059.537,7059.537,0
1752611164.031772,_depth_est_forward,28976.772,7063.225,7063.225,0
1752611194.631405,_depth_est_forward,28992.635,7066.913,7066.913,0
1752611225.233665,_depth_est_forward,29007.276,7070.601,7070.601,0
1752611255.797889,_depth_est_forward,28987.628,7074.289,7074.289,0
1752611286.370913,_depth_est_forward,29001.982,7077.977,7077.977,0
1752611316.897796,_depth_est_forward,28967.954,7081.665,7081.665,0
1752611347.423159,_depth_est_forward,28963.147,7085.352,7085.352,0
1752611378.042386,_depth_est_forward,29033.091,7089.040,7089.040,0
1752611408.635017,_depth_est_forward,29033.813,7092.728,7092.728,0
1752611439.202586,_depth_est_forward,28977.519,7096.416,7096.416,0
1752611469.777749,_depth_est_forward,29001.192,7100.104,7100.104,0
1752611500.209147,_depth_est_forward,29067.249,7103.792,7103.792,0
1752611530.753054,_depth_est_forward,29055.346,7107.480,7107.480,0
1752611561.352432,_depth_est_forward,29002.115,7111.168,7111.168,0
1752611591.915485,_depth_est_forward,28991.556,7114.856,7114.856,0
1752611622.474253,_depth_est_forward,29014.940,7118.904,7118.904,0
1752611653.051134,_depth_est_forward,29002.179,7122.592,7122.592,0
1752611683.626189,_depth_est_forward,29026.583,7126.280,7126.280,0
1752611714.228576,_depth_est_forward,29002.328,7129.968,7129.968,0
1752611744.749206,_depth_est_forward,28971.172,7133.656,7133.656,0
1752611775.379050,_depth_est_forward,29040.838,7137.344,7137.344,0
1752611805.976490,_depth_est_forward,29005.121,7141.032,7141.032,0
1752611836.238606,_depth_est_forward,28933.348,7144.720,7144.720,0
1752611866.787387,_depth_est_forward,28970.425,7148.408,7148.408,0
1752611897.402861,_depth_est_forward,29038.048,7152.096,7152.096,0
1752611928.010083,_depth_est_forward,29040.763,7155.784,7155.784,0
1752611958.587208,_depth_est_forward,29013.028,7159.472,7159.472,0
1752611989.175665,_depth_est_forward,29031.426,7163.160,7163.160,0
1752612019.739231,_depth_est_forward,28987.490,7166.847,7166.847,0
1752612050.305680,_depth_est_forward,28986.427,7170.535,7170.535,0
1752612080.921170,_depth_est_forward,29079.943,7174.223,7174.223,0
1752612111.414998,_depth_est_forward,28972.770,7177.911,7177.911,0
1752612141.955731,_depth_est_forward,29056.437,7181.599,7181.599,0
1752612172.221213,_depth_est_forward,29001.593,7185.287,7185.287,0
1752612202.727288,_depth_est_forward,28973.187,7188.975,7188.975,0
1752612233.211652,_depth_est_forward,29039.038,7192.663,7192.663,0
1752612263.757284,_depth_est_forward,29022.000,7196.351,7196.351,0
1752612294.252986,_depth_est_forward,28998.274,7200.039,7200.039,0
1752612324.750213,_depth_est_forward,28976.462,7203.727,7203.727,0
1752612355.199342,_depth_est_forward,28946.205,7207.415,7207.415,0
1752612385.717378,_depth_est_forward,28998.696,7211.103,7211.103,0
1752612416.209570,_depth_est_forward,29049.211,7214.791,7214.791,0
1752612446.751016,_depth_est_forward,29035.594,7218.479,7218.479,0
1752612477.259919,_depth_est_forward,29010.772,7222.167,7222.167,0
1752612507.572477,_depth_est_forward,28989.099,7225.854,7225.854,0
1752612538.112734,_depth_est_forward,29032.676,7229.542,7229.542,0
1752612568.618610,_depth_est_forward,29050.267,7233.230,7233.230,0
1752612599.118418,_depth_est_forward,29034.365,7236.918,7236.918,0
1752612629.650719,_depth_est_forward,29062.562,7240.606,7240.606,0
1752612660.202403,_depth_est_forward,29100.871,7244.294,7244.294,0
1752612690.709218,_depth_est_forward,29049.727,7247.982,7247.982,0
1752612721.189270,_depth_est_forward,29039.172,7251.670,7251.670,0
1752612751.714637,_depth_est_forward,29059.187,7255.358,7255.358,0
1752612782.135169,_depth_est_forward,28977.939,7259.046,7259.046,0
1752612812.519145,_depth_est_forward,28996.875,7262.734,7262.734,0
1752612842.774529,_depth_est_forward,28954.115,7266.422,7266.422,0
1752612873.204903,_depth_est_forward,28996.011,7270.110,7270.110,0
1752612903.652892,_depth_est_forward,29033.038,7274.158,7274.158,0
1752612934.053807,_depth_est_forward,29012.400,7277.846,7277.846,0
1752612964.470065,_depth_est_forward,29013.095,7281.534,7281.534,0
1752612994.901325,_depth_est_forward,28996.800,7285.222,7285.222,0
1752613025.342658,_depth_est_forward,29020.035,7288.910,7288.910,0
1752613055.754910,_depth_est_forward,29016.733,7292.598,7292.598,0
1752613086.167277,_depth_est_forward,29003.407,7296.286,7296.286,0
1752613116.521089,_depth_est_forward,28968.778,7299.974,7299.974,0
1752613146.910623,_depth_est_forward,28995.941,7303.662,7303.662,0
1752613177.237057,_depth_est_forward,28983.509,7307.350,7307.350,0
1752613207.537894,_depth_est_forward,28956.282,7311.037,7311.037,0
1752613237.966422,_depth_est_forward,29020.737,7314.725,7314.725,0
1752613268.355011,_depth_est_forward,28992.512,7318.413,7318.413,0
1752613298.757017,_depth_est_forward,29005.336,7322.101,7322.101,0
1752613329.146493,_depth_est_forward,29018.819,7325.789,7325.789,0
1752613359.497227,_depth_est_forward,28978.971,7329.477,7329.477,0
1752613389.932362,_depth_est_forward,29037.395,7333.165,7333.165,0
1752613420.299162,_depth_est_forward,28978.665,7336.853,7336.853,0
1752613450.689272,_depth_est_forward,29010.470,7340.541,7340.541,0
1752613481.094404,_depth_est_forward,29006.580,7344.229,7344.229,0
1752613510.228454,_depth_est_forward,27734.170,7347.917,7347.917,0
1752613540.506627,_depth_est_forward,29007.159,7351.605,7351.605,0
1752613570.896522,_depth_est_forward,29009.056,7355.293,7355.293,0
1752613601.234356,_depth_est_forward,28964.253,7358.981,7358.981,0
1752613631.596916,_depth_est_forward,28984.051,7362.669,7362.669,0
1752613661.948743,_depth_est_forward,29005.924,7366.356,7366.356,0
1752613692.274831,_depth_est_forward,28999.163,7370.044,7370.044,0
1752613722.702978,_depth_est_forward,29052.271,7373.732,7373.732,0
1752613753.155939,_depth_est_forward,29088.222,7377.420,7377.420,0
1752613783.545233,_depth_est_forward,29003.516,7381.108,7381.108,0
1752613814.023111,_depth_est_forward,29094.192,7384.796,7384.796,0
1752613844.438684,_depth_est_forward,29027.622,7388.484,7388.484,0
1752613874.779805,_depth_est_forward,29012.286,7392.172,7392.172,0
1752613905.216875,_depth_est_forward,29065.205,7395.860,7395.860,0
1752613935.904146,_depth_est_forward,29321.347,7399.548,7399.548,0
1752613966.237317,_depth_est_forward,28952.657,7403.236,7403.236,0
1752613996.616122,_depth_est_forward,29006.194,7406.924,7406.924,0
1752614026.992580,_depth_est_forward,28990.141,7410.612,7410.612,0
1752614057.341722,_depth_est_forward,28962.256,7414.300,7414.300,0
1752614087.714604,_depth_est_forward,29042.833,7417.988,7417.988,0
1752614118.129367,_depth_est_forward,29033.183,7421.676,7421.676,0
1752614148.550041,_depth_est_forward,29028.173,7425.363,7425.363,0
1752614179.020978,_depth_est_forward,29064.175,7429.412,7429.412,0
1752614209.348880,_depth_est_forward,29010.902,7433.100,7433.100,0
1752614239.715483,_depth_est_forward,29002.493,7436.788,7436.788,0
1752614270.008655,_depth_est_forward,28997.584,7440.476,7440.476,0
1752614300.432802,_depth_est_forward,29055.348,7444.164,7444.164,0
1752614330.800521,_depth_est_forward,29000.403,7447.852,7447.852,0
1752614361.157087,_depth_est_forward,28980.198,7451.539,7451.539,0
1752614391.550821,_depth_est_forward,29012.689,7455.227,7455.227,0
1752614421.924043,_depth_est_forward,29007.620,7458.915,7458.915,0
1752614452.290714,_depth_est_forward,29001.475,7462.603,7462.603,0
1752614482.630035,_depth_est_forward,28991.960,7466.291,7466.291,0
1752614512.979045,_depth_est_forward,28978.878,7469.979,7469.979,0
1752614543.292976,_depth_est_forward,28999.264,7473.667,7473.667,0
1752614573.635116,_depth_est_forward,28975.383,7477.355,7477.355,0
1752614604.020874,_depth_est_forward,29012.457,7481.043,7481.043,0
1752614634.386367,_depth_est_forward,28997.802,7484.731,7484.731,0
1752614664.746073,_depth_est_forward,28988.834,7488.419,7488.419,0
1752614695.077274,_depth_est_forward,28964.319,7492.107,7492.107,0
1752614725.406738,_depth_est_forward,28980.765,7495.795,7495.795,0
1752614755.763517,_depth_est_forward,29010.822,7499.483,7499.483,0
1752614786.097744,_depth_est_forward,28987.745,7503.171,7503.171,0
1752614816.390792,_depth_est_forward,29027.071,7506.858,7506.858,0
1752614846.757335,_depth_est_forward,29024.061,7510.546,7510.546,0
1752614877.053934,_depth_est_forward,28989.415,7514.234,7514.234,0
1752614907.413229,_depth_est_forward,29036.530,7517.922,7517.922,0
1752614937.690094,_depth_est_forward,28979.904,7521.610,7521.610,0
1752614967.963887,_depth_est_forward,28969.991,7525.298,7525.298,0
1752614998.263072,_depth_est_forward,28986.150,7528.986,7528.986,0
1752615028.650591,_depth_est_forward,29071.966,7532.674,7532.674,0
1752615058.988175,_depth_est_forward,29006.362,7536.362,7536.362,0
1752615089.294774,_depth_est_forward,28998.474,7540.050,7540.050,0
1752615119.616216,_depth_est_forward,29003.511,7543.738,7543.738,0
1752615149.944142,_depth_est_forward,28999.439,7547.426,7547.426,0
1752615180.274304,_depth_est_forward,28997.518,7551.114,7551.114,0
1752615210.547767,_depth_est_forward,28978.580,7554.802,7554.802,0
1752615240.857376,_depth_est_forward,28986.881,7558.490,7558.490,0
1752615271.201296,_depth_est_forward,29015.072,7562.178,7562.178,0
1752615301.508020,_depth_est_forward,28981.767,7565.865,7565.865,0
1752615331.790707,_depth_est_forward,28999.624,7569.553,7569.553,0
1752615362.157702,_depth_est_forward,29016.072,7573.241,7573.241,0
1752615392.522256,_depth_est_forward,29020.143,7576.929,7576.929,0
1752615422.837795,_depth_est_forward,29025.934,7580.617,7580.617,0
1752615453.161676,_depth_est_forward,28992.212,7584.305,7584.305,0
1752615483.450241,_depth_est_forward,28940.192,7588.861,7588.861,0
1752615513.913228,_depth_est_forward,29083.520,7592.549,7592.549,0
1752615544.256426,_depth_est_forward,29044.875,7596.237,7596.237,0
1752615574.693050,_depth_est_forward,29062.459,7599.925,7599.925,0
1752615605.131420,_depth_est_forward,29066.922,7603.613,7603.613,0
1752615635.523336,_depth_est_forward,29010.218,7607.301,7607.301,0
1752615665.839209,_depth_est_forward,28985.225,7610.989,7610.989,0
1752615696.259493,_depth_est_forward,29079.366,7614.677,7614.677,0
1752615726.686086,_depth_est_forward,29070.685,7618.365,7618.365,0
1752615757.057563,_depth_est_forward,29025.432,7622.053,7622.053,0
1752615787.443840,_depth_est_forward,29045.848,7625.741,7625.741,0
1752615817.898479,_depth_est_forward,29100.576,7629.429,7629.429,0
1752615848.275176,_depth_est_forward,28993.069,7633.117,7633.117,0
1752615878.561987,_depth_est_forward,28986.829,7636.805,7636.805,0
1752615908.957968,_depth_est_forward,29029.479,7640.493,7640.493,0
1752615939.372583,_depth_est_forward,29051.137,7644.180,7644.180,0
1752615969.751001,_depth_est_forward,29019.608,7647.868,7647.868,0
1752616000.137437,_depth_est_forward,29004.205,7651.556,7651.556,0
1752616030.480928,_depth_est_forward,28975.949,7655.244,7655.244,0
1752616060.750673,_depth_est_forward,28989.292,7658.932,7658.932,0
1752616091.130692,_depth_est_forward,29032.711,7662.620,7662.620,0
1752616121.530147,_depth_est_forward,29041.699,7666.308,7666.308,0
1752616151.913060,_depth_est_forward,29045.527,7669.996,7669.996,0
1752616182.265874,_depth_est_forward,29015.709,7673.684,7673.684,0
1752616212.625592,_depth_est_forward,29062.977,7677.372,7677.372,0
1752616243.012500,_depth_est_forward,29057.038,7681.060,7681.060,0
1752616273.466223,_depth_est_forward,29126.897,7684.748,7684.748,0
1752616303.849652,_depth_est_forward,29046.266,7688.436,7688.436,0
1752616334.200977,_depth_est_forward,29028.702,7692.124,7692.124,0
1752616364.514426,_depth_est_forward,28960.367,7695.812,7695.812,0
1752616394.839676,_depth_est_forward,29008.383,7699.500,7699.500,0
1752616425.173147,_depth_est_forward,29014.670,7703.187,7703.187,0
1752616455.563943,_depth_est_forward,29060.797,7706.875,7706.875,0
1752616485.882159,_depth_est_forward,29048.966,7710.563,7710.563,0
1752616516.175863,_depth_est_forward,29015.434,7714.251,7714.251,0
1752616546.666374,_depth_est_forward,29135.905,7717.939,7717.939,0
1752616576.969865,_depth_est_forward,29010.744,7721.627,7721.627,0
1752616607.223351,_depth_est_forward,28992.876,7725.315,7725.315,0
1752616637.505366,_depth_est_forward,29024.241,7729.003,7729.003,0
1752616667.777304,_depth_est_forward,29040.386,7732.691,7732.691,0
1752616698.044348,_depth_est_forward,29028.803,7736.379,7736.379,0
1752616728.473518,_depth_est_forward,29206.313,7740.067,7740.067,0
1752616758.919989,_depth_est_forward,29181.452,7743.755,7743.755,0
1752616789.261744,_depth_est_forward,29054.844,7748.311,7748.311,0
1752616819.506710,_depth_est_forward,29011.401,7751.999,7751.999,0
1752616849.717037,_depth_est_forward,28998.502,7755.687,7755.687,0
1752616879.971714,_depth_est_forward,29035.182,7759.375,7759.375,0
1752616910.236383,_depth_est_forward,29023.944,7763.063,7763.063,0
1752616940.455260,_depth_est_forward,28992.933,7766.751,7766.751,0
1752616970.714578,_depth_est_forward,29039.823,7770.439,7770.439,0
1752617000.946735,_depth_est_forward,29011.895,7774.127,7774.127,0
1752617031.202580,_depth_est_forward,29040.450,7777.815,7777.815,0
1752617061.452610,_depth_est_forward,29040.054,7781.502,7781.502,0
1752617091.719742,_depth_est_forward,29053.616,7785.190,7785.190,0
1752617121.927938,_depth_est_forward,28986.086,7788.878,7788.878,0
1752617152.125285,_depth_est_forward,28986.129,7792.566,7792.566,0
1752617182.342755,_depth_est_forward,29007.515,7796.254,7796.254,0
1752617212.546388,_depth_est_forward,28987.404,7799.942,7799.942,0
1752617242.806134,_depth_est_forward,28981.309,7803.630,7803.630,0
1752617272.972473,_depth_est_forward,28997.287,7807.318,7807.318,0
1752617303.218010,_depth_est_forward,29023.623,7811.006,7811.006,0
1752617333.467781,_depth_est_forward,29022.062,7814.694,7814.694,0
1752617363.715836,_depth_est_forward,29005.043,7818.382,7818.382,0
1752617393.971374,_depth_est_forward,29012.388,7822.070,7822.070,0
1752617424.298435,_depth_est_forward,29053.584,7825.758,7825.758,0
1752617454.574857,_depth_est_forward,29020.480,7829.446,7829.446,0
1752617484.885970,_depth_est_forward,29049.021,7833.134,7833.134,0
1752617515.206082,_depth_est_forward,29060.960,7836.822,7836.822,0
1752617545.588415,_depth_est_forward,29118.007,7840.509,7840.509,0
1752617575.910844,_depth_est_forward,29037.760,7844.197,7844.197,0
1752617606.223128,_depth_est_forward,29019.227,7847.885,7847.885,0
1752617636.499011,_depth_est_forward,28964.055,7851.573,7851.573,0
1752617666.809629,_depth_est_forward,29013.231,7855.261,7855.261,0
1752617697.182610,_depth_est_forward,29029.037,7858.949,7858.949,0
1752617727.472483,_depth_est_forward,29012.072,7862.637,7862.637,0
1752617757.921190,_depth_est_forward,29110.453,7866.325,7866.325,0
1752617788.308675,_depth_est_forward,29037.116,7870.013,7870.013,0
1752617818.765568,_depth_est_forward,29035.441,7873.701,7873.701,0
1752617849.238032,_depth_est_forward,29039.682,7877.389,7877.389,0
1752617879.708037,_depth_est_forward,29014.462,7881.077,7881.077,0
1752617910.051313,_depth_est_forward,29037.846,7884.765,7884.765,0
1752617940.575431,_depth_est_forward,29051.949,7888.453,7888.453,0
1752617971.114556,_depth_est_forward,29052.022,7892.141,7892.141,0
1752618001.634334,_depth_est_forward,29025.925,7895.828,7895.828,0
1752618032.125249,_depth_est_forward,29007.936,7899.516,7899.516,0
1752618062.682047,_depth_est_forward,29046.573,7903.204,7903.204,0
1752618093.187323,_depth_est_forward,28996.102,7907.761,7907.761,0
1752618123.725693,_depth_est_forward,29040.109,7911.449,7911.449,0
1752618154.292517,_depth_est_forward,29058.980,7915.137,7915.137,0
1752618184.790058,_depth_est_forward,29038.651,7918.824,7918.824,0
1752618215.313805,_depth_est_forward,29020.414,7922.512,7922.512,0
1752618245.640138,_depth_est_forward,29022.826,7926.200,7926.200,0
1752618276.186971,_depth_est_forward,29025.156,7929.888,7929.888,0
1752618306.717981,_depth_est_forward,29018.214,7933.576,7933.576,0
1752618337.289220,_depth_est_forward,29033.616,7937.264,7937.264,0
1752618367.798039,_depth_est_forward,28996.286,7940.952,7940.952,0
1752618398.340499,_depth_est_forward,29009.074,7944.640,7944.640,0
1752618428.946381,_depth_est_forward,29062.087,7948.328,7948.328,0
1752618459.489350,_depth_est_forward,29006.492,7952.016,7952.016,0
1752618490.112693,_depth_est_forward,29035.597,7955.704,7955.704,0
1752618520.778954,_depth_est_forward,29067.575,7959.392,7959.392,0
1752618551.470265,_depth_est_forward,29061.566,7963.080,7963.080,0
1752618581.823782,_depth_est_forward,29044.457,7966.768,7966.768,0
1752618612.440272,_depth_est_forward,29047.778,7970.456,7970.456,0
1752618642.998621,_depth_est_forward,29013.329,7974.143,7974.143,0
1752618673.670993,_depth_est_forward,29072.373,7977.831,7977.831,0
1752618704.255807,_depth_est_forward,28998.213,7981.519,7981.519,0
1752618734.940230,_depth_est_forward,29062.262,7985.207,7985.207,0
1752618765.517641,_depth_est_forward,28977.619,7988.895,7988.895,0
1752618796.140857,_depth_est_forward,29010.953,7992.583,7992.583,0
1752618826.797451,_depth_est_forward,29050.028,7996.271,7996.271,0
1752618857.446749,_depth_est_forward,29030.098,7999.959,7999.959,0
1752618888.115710,_depth_est_forward,29046.125,8003.647,8003.647,0
1752618918.424793,_depth_est_forward,29009.797,8007.335,8007.335,0
1752618949.100901,_depth_est_forward,29028.516,8011.023,8011.023,0
1752618979.725230,_depth_est_forward,29002.232,8014.711,8014.711,0
1752619010.403461,_depth_est_forward,29083.179,8018.399,8018.399,0
1752619041.062543,_depth_est_forward,29054.404,8022.087,8022.087,0
1752619071.668421,_depth_est_forward,29006.400,8025.775,8025.775,0
1752619102.319676,_depth_est_forward,29026.746,8029.463,8029.463,0
1752619132.945259,_depth_est_forward,29006.601,8033.150,8033.150,0
1752619163.636260,_depth_est_forward,29068.202,8036.838,8036.838,0
1752619194.309758,_depth_est_forward,29048.463,8040.526,8040.526,0
1752619224.994566,_depth_est_forward,29031.168,8044.214,8044.214,0
1752619255.301947,_depth_est_forward,29014.734,8047.902,8047.902,0
1752619285.960936,_depth_est_forward,29040.638,8051.590,8051.590,0
1752619316.536063,_depth_est_forward,28980.179,8055.278,8055.278,0
1752619347.181765,_depth_est_forward,29048.693,8058.966,8058.966,0
1752619377.785167,_depth_est_forward,29019.780,8062.654,8062.654,0
1752619408.371522,_depth_est_forward,28983.706,8067.210,8067.210,0
1752619438.984611,_depth_est_forward,28999.992,8070.898,8070.898,0
1752619469.593632,_depth_est_forward,29001.977,8074.586,8074.586,0
1752619500.164434,_depth_est_forward,28994.005,8078.274,8078.274,0
1752619530.771408,_depth_est_forward,29013.929,8081.962,8081.962,0
1752619561.354395,_depth_est_forward,28955.917,8085.650,8085.650,0
1752619591.675326,_depth_est_forward,28997.176,8089.338,8089.338,0
1752619622.256583,_depth_est_forward,29035.506,8093.026,8093.026,0
1752619652.862463,_depth_est_forward,29033.159,8096.714,8096.714,0
1752619683.444916,_depth_est_forward,29007.727,8100.402,8100.402,0
1752619714.037598,_depth_est_forward,29023.461,8104.090,8104.090,0
1752619744.620950,_depth_est_forward,29030.084,8107.778,8107.778,0
1752619775.192042,_depth_est_forward,29011.781,8111.465,8111.465,0
1752619805.825670,_depth_est_forward,29063.707,8115.153,8115.153,0
1752619836.496096,_depth_est_forward,29109.063,8118.841,8118.841,0
1752619867.102797,_depth_est_forward,29096.031,8122.529,8122.529,0
1752619897.674172,_depth_est_forward,29042.338,8126.217,8126.217,0
1752619928.083158,_depth_est_forward,29038.142,8129.905,8129.905,0
1752619958.447478,_depth_est_forward,29037.745,8133.593,8133.593,0
1752619988.940839,_depth_est_forward,29021.045,8137.281,8137.281,0
1752620019.501816,_depth_est_forward,29014.954,8140.969,8140.969,0
1752620050.026539,_depth_est_forward,28965.533,8144.657,8144.657,0
1752620080.586944,_depth_est_forward,29029.415,8148.345,8148.345,0
1752620111.165026,_depth_est_forward,29036.319,8152.033,8152.033,0
1752620141.611999,_depth_est_forward,29016.484,8155.721,8155.721,0
1752620172.120964,_depth_est_forward,29032.238,8159.409,8159.409,0
1752620202.673744,_depth_est_forward,29037.620,8163.097,8163.097,0
1752620233.225983,_depth_est_forward,29036.551,8166.785,8166.785,0
1752620263.752209,_depth_est_forward,29000.473,8170.472,8170.472,0
1752620295.168827,_depth_est_forward,30055.393,8174.160,8174.160,0
1752620329.828122,_depth_est_forward,32779.526,8177.848,8177.848,0
1752620364.372708,_depth_est_forward,32638.191,8181.536,8181.536,0
1752620398.631902,_depth_est_forward,32268.085,8185.224,8185.224,0
1752620432.649460,_depth_est_forward,32089.691,8188.912,8188.912,0
1752620466.748197,_depth_est_forward,32195.107,8192.600,8192.600,0
1752620500.749676,_depth_est_forward,32113.886,8196.288,8196.288,0
1752620532.796155,_depth_est_forward,30111.127,8199.976,8199.976,0
1752620566.341333,_depth_est_forward,31694.421,8203.664,8203.664,0
1752620599.621015,_depth_est_forward,31399.605,8207.352,8207.352,0
1752620633.595257,_depth_est_forward,32128.413,8211.040,8211.040,0
1752620666.966174,_depth_est_forward,31748.355,8214.728,8214.728,0
1752620702.141849,_depth_est_forward,33342.348,8218.416,8218.416,0
1752620738.483129,_depth_est_forward,33890.413,8222.104,8222.104,0
1752620774.231081,_depth_est_forward,33277.278,8226.660,8226.660,0
1752620806.954298,_depth_est_forward,30769.288,8230.348,8230.348,0
1752620840.262944,_depth_est_forward,31815.338,8234.036,8234.036,0
1752620876.683858,_depth_est_forward,33996.679,8237.724,8237.724,0
1752620912.364226,_depth_est_forward,33396.179,8241.412,8241.412,0
1752620961.019548,_depth_est_forward,46505.304,8245.100,8245.100,0
1752621010.492497,_depth_est_forward,45508.936,8248.787,8248.787,0
1752621041.675770,_depth_est_forward,29797.252,8252.475,8252.475,0
1752621071.420285,_depth_est_forward,28539.888,8256.163,8256.163,0
1752621100.939722,_depth_est_forward,28191.740,8259.851,8259.851,0
1752621130.464007,_depth_est_forward,28235.466,8263.539,8263.539,0
1752621159.991935,_depth_est_forward,28194.082,8267.227,8267.227,0
1752621189.520132,_depth_est_forward,28221.411,8270.915,8270.915,0
1752621219.097233,_depth_est_forward,28267.999,8274.603,8274.603,0
1752621248.629192,_depth_est_forward,28205.138,8278.291,8278.291,0
1752621278.176711,_depth_est_forward,28202.964,8281.979,8281.979,0
1752621309.022014,_depth_est_forward,29512.501,8285.667,8285.667,0
1752621350.606092,_depth_est_forward,40162.323,8289.355,8289.355,0
1752621382.888435,_depth_est_forward,30457.585,8293.043,8293.043,0
1752621424.146804,_depth_est_forward,40022.807,8296.731,8296.731,0
1752621475.369303,_depth_est_forward,46746.699,8300.419,8300.419,0
1752621526.738481,_depth_est_forward,47129.203,8304.106,8304.106,0
1752621578.098456,_depth_est_forward,46762.010,8307.794,8307.794,0
1752621629.580712,_depth_est_forward,47073.722,8311.482,8311.482,0
1752621680.057394,_depth_est_forward,46266.338,8315.170,8315.170,0
1752621730.867828,_depth_est_forward,46509.490,8318.858,8318.858,0
1752621798.032921,_depth_est_forward,63091.020,8322.546,8322.546,0
