timestamp,method,elapsed_ms,current_mem_mb,peak_mem_mb,recompiled
1755485129.871869,depth_encoder.forward,60867.105,6041.157,6412.108,0
1755485137.826671,depth_decoder.forward,7954.802,6647.496,9672.114,0
1755485141.260146,head.forward,3432.928,6656.933,9365.701,0
1755485141.373610,fov.forward,111.458,6656.934,6687.916,0
1755485141.382303,_depth_forward,72377.539,5172.937,6695.302,0
1755485141.635997,update,72681.467,5134.138,6695.302,0
1755485181.068037,depth_encoder.forward,39432.039,6041.157,6412.108,0
1755485188.397220,depth_decoder.forward,7329.184,6647.496,9672.114,0
1755485191.593874,head.forward,3185.846,6656.933,9365.701,0
1755485191.682755,fov.forward,87.135,6656.934,6687.916,0
1755485191.689061,_depth_forward,50047.762,5172.937,6695.302,0
1755485191.723496,update,50087.498,5134.138,6695.302,0
1755485220.487606,depth_encoder.forward,28764.110,6041.157,6412.108,0
1755485228.407590,depth_decoder.forward,7919.984,6647.496,9672.114,0
1755485231.628266,head.forward,3220.676,6656.933,9365.701,0
1755485231.674659,fov.forward,45.360,6656.934,6687.920,0
1755485231.674659,_depth_forward,39951.164,5172.937,6695.302,0
1755485231.727874,update,40003.328,5134.138,6695.302,0
1755485257.177342,depth_encoder.forward,25442.376,6041.157,6412.108,0
1755485265.033316,depth_decoder.forward,7854.663,6647.496,9672.114,0
1755485268.246408,head.forward,3213.092,6656.933,9365.701,0
1755485268.293464,fov.forward,42.504,6656.934,6687.985,0
1755485268.295177,_depth_forward,36559.564,5172.937,6695.302,0
1755485268.344641,update,36610.687,5134.138,6695.302,0
1755485293.793958,depth_encoder.forward,25430.096,6041.157,6412.108,0
