timestamp,method,elapsed_ms,current_mem_mb,peak_mem_mb,recompiled
1754923610.208219,_depth_est_forward,16802.894,5164.418,8193.234,1
1754923616.843294,_depth_est_forward,6116.876,5164.418,8193.079,0
1754923622.888684,_depth_est_forward,5664.980,4998.063,5163.500,0
1754923629.133355,_depth_est_forward,5869.114,4998.063,4998.063,0
1754923635.390496,_depth_est_forward,5869.854,4998.063,4998.063,0
1754923641.978532,_depth_est_forward,5784.381,4998.063,4998.063,0
1754923648.490380,_depth_est_forward,5700.837,4998.063,4998.063,0
1754923655.086816,_depth_est_forward,5815.156,4998.063,4998.063,0
1754923661.585418,_depth_est_forward,5673.996,4998.063,4998.063,0
1754923668.158264,_depth_est_forward,5745.044,4998.063,4998.063,0
1754923674.686329,_depth_est_forward,5735.370,4998.063,4998.063,0
1754923681.198667,_depth_est_forward,5729.393,4998.063,4998.063,0
1754923687.680204,_depth_est_forward,5719.385,4998.063,4998.063,0
1754923694.107477,_depth_est_forward,5691.101,4998.063,4998.063,0
1754923700.557698,_depth_est_forward,5686.947,4998.063,4998.063,0
1754923706.573139,_depth_est_forward,5655.914,4998.063,4998.063,0
1754923713.132986,_depth_est_forward,5794.576,4998.063,4998.063,0
1754923719.608227,_depth_est_forward,5673.076,4998.063,4998.063,0
1754923726.242057,_depth_est_forward,5873.349,4998.063,4998.063,0
1754923732.941308,_depth_est_forward,5915.004,4998.063,4998.063,0
1754923739.595909,_depth_est_forward,5920.763,4998.063,4998.063,0
1754923746.283125,_depth_est_forward,5907.016,4998.063,4998.063,0
1754923753.082946,_depth_est_forward,5993.935,4998.063,4998.063,0
