timestamp,method,elapsed_ms,current_mem_mb,peak_mem_mb,recompiled
1752890887.997577,_depth_est_forward,18491.688,5164.418,8193.234,1
1752890894.906213,_depth_est_forward,6371.954,5164.418,8193.079,0
1752890901.392472,_depth_est_forward,6113.784,4998.063,5163.500,0
1752890907.895263,_depth_est_forward,6128.353,4998.063,4998.063,0
1752890914.412062,_depth_est_forward,6131.037,4998.063,4998.063,0
1752890921.323527,_depth_est_forward,6113.105,4998.063,4998.063,0
1752890928.288262,_depth_est_forward,6132.025,4998.063,4998.063,0
1752890935.190218,_depth_est_forward,6106.283,4998.063,4998.063,0
1752890942.128265,_depth_est_forward,6097.770,4998.063,4998.063,0
1752890949.090389,_depth_est_forward,6115.613,4998.063,4998.063,0
1752890956.015174,_depth_est_forward,6111.318,4998.063,4998.063,0
1752890962.944066,_depth_est_forward,6115.998,4998.063,4998.063,0
1752890969.854727,_depth_est_forward,6107.054,4998.063,4998.063,0
1752890976.854730,_depth_est_forward,6239.645,4998.063,4998.063,0
1752890984.018100,_depth_est_forward,6364.430,4998.063,4998.063,0
1752890990.940502,_depth_est_forward,6535.336,4998.063,4998.063,0
1752890998.103096,_depth_est_forward,6337.558,4998.063,4998.063,0
1752891005.033806,_depth_est_forward,6084.781,4998.063,4998.063,0
1752891012.007743,_depth_est_forward,6111.968,4998.063,4998.063,0
1752891018.901836,_depth_est_forward,6081.078,4998.063,4998.063,0
1752891025.745167,_depth_est_forward,6088.717,4998.063,4998.063,0
1752891032.642331,_depth_est_forward,6099.267,4998.063,4998.063,0
1752891039.558182,_depth_est_forward,6092.196,4998.063,4998.063,0
1752891046.867518,_depth_est_forward,6474.477,4998.063,4998.063,0
1752891054.598748,_depth_est_forward,6776.535,4998.063,4998.063,0
1752891061.678244,_depth_est_forward,6671.310,4998.063,4998.063,0
1752891069.685242,_depth_est_forward,7107.593,4998.063,4998.063,0
1752891077.701911,_depth_est_forward,7051.953,4998.063,4998.063,0
1752891085.811169,_depth_est_forward,7152.663,4998.063,4998.063,0
1752891093.507661,_depth_est_forward,6736.140,4998.063,4998.063,0
1752891100.903332,_depth_est_forward,6531.691,4998.063,4998.063,0
1752891108.495960,_depth_est_forward,6720.181,4998.063,4998.063,0
1752891116.013098,_depth_est_forward,6637.547,4998.063,4998.063,0
1752891123.567423,_depth_est_forward,6664.224,4998.063,4998.063,0
1752891131.197498,_depth_est_forward,6734.775,4998.063,4998.063,0
1752891139.125372,_depth_est_forward,7151.424,4998.063,4998.063,0
1752891146.619342,_depth_est_forward,7072.984,4998.063,4998.063,0
1752891154.754526,_depth_est_forward,7162.378,4998.063,4998.063,0
1752891162.932781,_depth_est_forward,7218.695,4998.063,4998.063,0
1752891171.010244,_depth_est_forward,7118.544,4998.063,4998.063,0
1752891179.333136,_depth_est_forward,7348.583,4998.063,4998.063,0
1752891187.229515,_depth_est_forward,6797.893,4998.063,4998.063,0
1752891194.638486,_depth_est_forward,6538.750,4998.063,4998.063,0
1752891202.035419,_depth_est_forward,6534.868,4998.063,4998.063,0
1752891209.424201,_depth_est_forward,6542.268,4998.063,4998.063,0
1752891216.783519,_depth_est_forward,6564.345,4998.063,4998.063,0
1752891224.126017,_depth_est_forward,6535.043,4998.063,4998.063,0
1752891231.218528,_depth_est_forward,6701.576,4998.063,4998.063,0
1752891238.578189,_depth_est_forward,6569.629,4998.063,4998.063,0
1752891245.890949,_depth_est_forward,6545.396,4998.063,4998.063,0
1752891253.168775,_depth_est_forward,6519.484,4998.063,4998.063,0
1752891260.424547,_depth_est_forward,6537.975,4998.063,4998.063,0
1752891267.728285,_depth_est_forward,6532.920,4998.063,4998.063,0
1752891275.036809,_depth_est_forward,6541.209,4998.063,4998.063,0
1752891282.330220,_depth_est_forward,6540.847,4998.063,4998.063,0
1752891289.618452,_depth_est_forward,6547.358,4998.063,4998.063,0
1752891296.942948,_depth_est_forward,6539.982,4998.063,4998.063,0
1752891304.232172,_depth_est_forward,6505.513,4998.063,4998.063,0
1752891311.177034,_depth_est_forward,6557.552,4998.063,4998.063,0
1752891318.493228,_depth_est_forward,6555.281,4998.063,4998.063,0
1752891325.833300,_depth_est_forward,6571.896,4998.063,4998.063,0
1752891333.136564,_depth_est_forward,6542.717,4998.063,4998.063,0
1752891340.475834,_depth_est_forward,6582.975,4998.063,4998.063,0
1752891347.765699,_depth_est_forward,6529.054,4998.063,4998.063,0
1752891355.069580,_depth_est_forward,6546.382,4998.063,4998.063,0
1752891362.378787,_depth_est_forward,6549.080,4998.063,4998.063,0
1752891369.704690,_depth_est_forward,6560.128,4998.063,4998.063,0
1752891376.996660,_depth_est_forward,6538.873,4998.063,4998.063,0
1752891384.280895,_depth_est_forward,6526.328,4998.063,4998.063,0
1752891391.237441,_depth_est_forward,6573.116,4998.063,4998.063,0
1752891398.537710,_depth_est_forward,6541.455,4998.063,4998.063,0
1752891405.857751,_depth_est_forward,6555.279,4998.063,4998.063,0
1752891413.168343,_depth_est_forward,6549.877,4998.063,4998.063,0
1752891420.476659,_depth_est_forward,6548.607,4998.063,4998.063,0
1752891427.791108,_depth_est_forward,6553.067,4998.063,4998.063,0
1752891435.144816,_depth_est_forward,6586.470,4998.063,4998.063,0
1752891442.503035,_depth_est_forward,6602.182,4998.063,4998.063,0
1752891449.810053,_depth_est_forward,6594.186,4998.063,4998.063,0
1752891457.153122,_depth_est_forward,6596.229,4998.063,4998.063,0
1752891464.477792,_depth_est_forward,6582.343,4998.063,4998.063,0
1752891471.470821,_depth_est_forward,6595.834,4998.063,4998.063,0
1752891478.754323,_depth_est_forward,6574.660,4998.063,4998.063,0
1752891486.074322,_depth_est_forward,6584.474,4998.063,4998.063,0
1752891493.399247,_depth_est_forward,6602.636,4998.063,4998.063,0
1752891500.759676,_depth_est_forward,6611.255,4998.063,4998.063,0
1752891508.085595,_depth_est_forward,6584.439,4998.063,4998.063,0
1752891515.396434,_depth_est_forward,6566.068,4998.063,4998.063,0
1752891522.736967,_depth_est_forward,6598.448,4998.063,4998.063,0
1752891530.102163,_depth_est_forward,6606.148,4998.063,4998.063,0
1752891537.482650,_depth_est_forward,6615.515,4998.063,4998.063,0
1752891544.949614,_depth_est_forward,6710.397,4998.063,4998.063,0
1752891552.036917,_depth_est_forward,6691.514,4998.063,4998.063,0
1752891559.478236,_depth_est_forward,6693.433,4998.063,4998.063,0
1752891566.945651,_depth_est_forward,6724.416,4998.063,4998.063,0
1752891574.354364,_depth_est_forward,6687.374,4998.063,4998.063,0
1752891581.809054,_depth_est_forward,6704.532,4998.063,4998.063,0
1752891589.227250,_depth_est_forward,6659.820,4998.063,4998.063,0
1752891596.645730,_depth_est_forward,6665.742,4998.063,4998.063,0
1752891604.032427,_depth_est_forward,6646.018,4998.063,4998.063,0
1752891611.376814,_depth_est_forward,6609.309,4998.063,4998.063,0
1752891618.736629,_depth_est_forward,6630.085,4998.063,4998.063,0
1752891626.053558,_depth_est_forward,6618.490,4998.063,4998.063,0
1752891633.041628,_depth_est_forward,6591.961,4998.063,4998.063,0
1752891640.342224,_depth_est_forward,6576.462,4998.063,4998.063,0
1752891647.580658,_depth_est_forward,6552.716,4998.063,4998.063,0
1752891654.868764,_depth_est_forward,6567.784,4998.063,4998.063,0
1752891662.165511,_depth_est_forward,6567.813,4998.063,4998.063,0
1752891669.428909,_depth_est_forward,6543.128,4998.063,4998.063,0
1752891676.719826,_depth_est_forward,6554.079,4998.063,4998.063,0
1752891684.031990,_depth_est_forward,6583.450,4998.063,4998.063,0
1752891691.321872,_depth_est_forward,6566.250,4998.063,4998.063,0
1752891698.600869,_depth_est_forward,6552.614,4998.063,4998.063,0
1752891705.895642,_depth_est_forward,6555.137,4998.063,4998.063,0
1752891712.846462,_depth_est_forward,6550.135,4998.063,4998.063,0
1752891719.787886,_depth_est_forward,6541.933,4998.063,4998.063,0
1752891727.062566,_depth_est_forward,6528.058,4998.063,4998.063,0
1752891734.346604,_depth_est_forward,6529.758,4998.063,4998.063,0
1752891741.638208,_depth_est_forward,6550.897,4998.063,4998.063,0
1752891748.914375,_depth_est_forward,6543.826,4998.063,4998.063,0
1752891756.177289,_depth_est_forward,6507.418,4998.063,4998.063,0
1752891763.498664,_depth_est_forward,6568.388,4998.063,4998.063,0
1752891770.811321,_depth_est_forward,6549.404,4998.063,4998.063,0
1752891778.084479,_depth_est_forward,6527.189,4998.063,4998.063,0
1752891785.379015,_depth_est_forward,6558.831,4998.063,4998.063,0
1752891792.720506,_depth_est_forward,6595.094,4998.063,4998.063,0
1752891799.747685,_depth_est_forward,6632.326,4998.063,4998.063,0
1752891807.076547,_depth_est_forward,6554.876,4998.063,4998.063,0
1752891814.375490,_depth_est_forward,6554.514,4998.063,4998.063,0
1752891821.689168,_depth_est_forward,6560.984,4998.063,4998.063,0
1752891829.018069,_depth_est_forward,6583.805,4998.063,4998.063,0
1752891836.309566,_depth_est_forward,6571.131,4998.063,4998.063,0
1752891843.586484,_depth_est_forward,6556.870,4998.063,4998.063,0
1752891850.875925,_depth_est_forward,6571.460,4998.063,4998.063,0
1752891858.154373,_depth_est_forward,6575.033,4998.063,4998.063,0
1752891865.454568,_depth_est_forward,6575.166,4998.063,4998.063,0
1752891872.755088,_depth_est_forward,6580.376,4998.063,4998.063,0
1752891879.721165,_depth_est_forward,6569.317,4998.063,4998.063,0
1752891887.006534,_depth_est_forward,6571.482,4998.063,4998.063,0
1752891894.239442,_depth_est_forward,6555.261,4998.063,4998.063,0
1752891901.532318,_depth_est_forward,6563.845,4998.063,4998.063,0
1752891908.818533,_depth_est_forward,6570.342,4998.063,4998.063,0
1752891916.126756,_depth_est_forward,6589.631,4998.063,4998.063,0
1752891923.413332,_depth_est_forward,6573.331,4998.063,4998.063,0
1752891930.667228,_depth_est_forward,6576.020,4998.063,4998.063,0
1752891937.924239,_depth_est_forward,6585.657,4998.063,4998.063,0
1752891945.194440,_depth_est_forward,6613.201,4998.063,4998.063,0
1752891952.454263,_depth_est_forward,6575.744,4998.063,4998.063,0
1752891959.445468,_depth_est_forward,6589.508,4998.063,4998.063,0
1752891966.698475,_depth_est_forward,6543.773,4998.063,4998.063,0
1752891973.970661,_depth_est_forward,6566.970,4998.063,4998.063,0
1752891981.256783,_depth_est_forward,6567.711,4998.063,4998.063,0
1752891988.535713,_depth_est_forward,6549.828,4998.063,4998.063,0
1752891995.840002,_depth_est_forward,6572.382,4998.063,4998.063,0
1752892003.135913,_depth_est_forward,6573.721,4998.063,4998.063,0
1752892010.434346,_depth_est_forward,6580.911,4998.063,4998.063,0
1752892017.741495,_depth_est_forward,6584.557,4998.063,4998.063,0
1752892025.064057,_depth_est_forward,6579.727,4998.063,4998.063,0
1752892032.372347,_depth_est_forward,6568.423,4998.063,4998.063,0
1752892039.216523,_depth_est_forward,6566.484,4998.063,4998.063,0
1752892046.497304,_depth_est_forward,6574.213,4998.063,4998.063,0
1752892053.772194,_depth_est_forward,6565.305,4998.063,4998.063,0
1752892061.051464,_depth_est_forward,6565.203,4998.063,4998.063,0
1752892068.301259,_depth_est_forward,6546.720,4998.063,4998.063,0
1752892075.573967,_depth_est_forward,6573.930,4998.063,4998.063,0
1752892082.830312,_depth_est_forward,6581.444,4998.063,4998.063,0
1752892090.057951,_depth_est_forward,6563.787,4998.063,4998.063,0
1752892097.296607,_depth_est_forward,6589.384,4998.063,4998.063,0
1752892104.356229,_depth_est_forward,6572.814,4998.063,4998.063,0
1752892111.442223,_depth_est_forward,6607.792,4998.063,4998.063,0
1752892118.426103,_depth_est_forward,6590.548,4998.063,4998.063,0
1752892125.434104,_depth_est_forward,6556.431,4998.063,4998.063,0
1752892132.484184,_depth_est_forward,6588.504,4998.063,4998.063,0
1752892139.664504,_depth_est_forward,6724.339,4998.063,4998.063,0
1752892146.665631,_depth_est_forward,6544.708,4998.063,4998.063,0
1752892153.709082,_depth_est_forward,6591.485,4998.063,4998.063,0
1752892160.754216,_depth_est_forward,6588.705,4998.063,4998.063,0
1752892167.765950,_depth_est_forward,6562.944,4998.063,4998.063,0
1752892174.812338,_depth_est_forward,6596.816,4998.063,4998.063,0
1752892181.836530,_depth_est_forward,6575.001,4998.063,4998.063,0
1752892188.819062,_depth_est_forward,6548.980,4998.063,4998.063,0
1752892195.789161,_depth_est_forward,6569.786,4998.063,4998.063,0
1752892202.792344,_depth_est_forward,6556.942,4998.063,4998.063,0
1752892209.813958,_depth_est_forward,6578.442,4998.063,4998.063,0
1752892216.794066,_depth_est_forward,6533.183,4998.063,4998.063,0
1752892223.796014,_depth_est_forward,6560.464,4998.063,4998.063,0
1752892230.804063,_depth_est_forward,6569.493,4998.063,4998.063,0
1752892237.797028,_depth_est_forward,6548.368,4998.063,4998.063,0
1752892244.800382,_depth_est_forward,6562.882,4998.063,4998.063,0
1752892251.778996,_depth_est_forward,6553.815,4998.063,4998.063,0
1752892258.731493,_depth_est_forward,6539.456,4998.063,4998.063,0
1752892265.732167,_depth_est_forward,6563.882,4998.063,4998.063,0
1752892272.674963,_depth_est_forward,6552.603,4998.063,4998.063,0
1752892279.678033,_depth_est_forward,6567.587,4998.063,4998.063,0
1752892286.667838,_depth_est_forward,6578.998,4998.063,4998.063,0
1752892293.639657,_depth_est_forward,6545.126,4998.063,4998.063,0
1752892300.636250,_depth_est_forward,6565.675,4998.063,4998.063,0
1752892307.597373,_depth_est_forward,6532.248,4998.063,4998.063,0
1752892314.562247,_depth_est_forward,6544.322,4998.063,4998.063,0
1752892321.543606,_depth_est_forward,6568.184,4998.063,4998.063,0
1752892328.609541,_depth_est_forward,6638.686,4998.063,4998.063,0
1752892354.407623,_depth_est_forward,25263.705,4998.063,4998.063,0
1752892382.628683,_depth_est_forward,27650.161,4998.063,4998.063,0
1752892407.335094,_depth_est_forward,24167.459,4998.063,4998.063,0
1752892429.994793,_depth_est_forward,22281.976,4998.063,4998.063,0
1752892452.682855,_depth_est_forward,22292.550,4998.063,4998.063,0
1752892475.334010,_depth_est_forward,22303.480,4998.063,4998.063,0
1752892498.002376,_depth_est_forward,22313.819,4998.063,4998.063,0
1752892520.820508,_depth_est_forward,22461.039,4998.063,4998.063,0
1752892544.380270,_depth_est_forward,23112.426,4998.063,4998.063,0
1752892566.961619,_depth_est_forward,22215.590,4998.063,4998.063,0
1752892589.648373,_depth_est_forward,22325.139,4998.063,4998.063,0
1752892612.347545,_depth_est_forward,22337.803,4998.063,4998.063,0
1752892635.248467,_depth_est_forward,22542.567,4998.063,4998.063,0
1752892657.921285,_depth_est_forward,22310.109,4998.063,4998.063,0
1752892680.857158,_depth_est_forward,22581.498,4998.063,4998.063,0
1752892703.725141,_depth_est_forward,22506.052,4998.063,4998.063,0
1752892726.396900,_depth_est_forward,22298.435,4998.063,4998.063,0
1752892749.044024,_depth_est_forward,22300.059,4998.063,4998.063,0
1752892771.840045,_depth_est_forward,22438.931,4998.063,4998.063,0
1752892794.505365,_depth_est_forward,22304.226,4998.063,4998.063,0
1752892817.158832,_depth_est_forward,22298.563,4998.063,4998.063,0
1752892839.804525,_depth_est_forward,22281.069,4998.063,4998.063,0
1752892862.440473,_depth_est_forward,22275.247,4998.063,4998.063,0
1752892885.117537,_depth_est_forward,22307.886,4998.063,4998.063,0
1752892907.760678,_depth_est_forward,22290.480,4998.063,4998.063,0
1752892930.311664,_depth_est_forward,22309.166,4998.063,4998.063,0
1752892952.852229,_depth_est_forward,22290.542,4998.063,4998.063,0
1752892975.500192,_depth_est_forward,22298.178,4998.063,4998.063,0
1752893001.974151,_depth_est_forward,26204.890,4998.063,4998.063,0
1752893031.531063,_depth_est_forward,28998.353,4998.063,4998.063,0
1752893061.007747,_depth_est_forward,28964.599,4998.063,4998.063,0
1752893089.377039,_depth_est_forward,27979.547,4998.063,4998.063,0
1752893121.940901,_depth_est_forward,31965.108,4998.063,4998.063,0
1752893158.158891,_depth_est_forward,35017.890,4998.063,4998.063,0
1752893194.123254,_depth_est_forward,34831.266,4998.063,4998.063,0
1752893231.576001,_depth_est_forward,36723.117,4998.063,4998.063,0
1752893267.549257,_depth_est_forward,35235.301,4998.063,4998.063,0
1752893303.479987,_depth_est_forward,35223.473,4998.063,4998.063,0
1752893339.282462,_depth_est_forward,35024.684,4998.063,4998.063,0
1752893375.173166,_depth_est_forward,35153.340,4998.063,4998.063,0
1752893411.112465,_depth_est_forward,35199.795,4998.063,4998.063,0
1752893446.909245,_depth_est_forward,35283.101,4998.063,4998.063,0
1752893482.593086,_depth_est_forward,35151.401,4998.063,4998.063,0
1752893518.138754,_depth_est_forward,34985.258,4998.063,4998.063,0
1752893548.744902,_depth_est_forward,30124.814,4998.063,4998.063,0
1752893576.545285,_depth_est_forward,27426.526,4998.063,4998.063,0
1752893604.553274,_depth_est_forward,27444.426,4998.063,4998.063,0
1752893632.397351,_depth_est_forward,27473.724,4998.063,4998.063,0
1752893660.248837,_depth_est_forward,27487.182,4998.063,4998.063,0
1752893688.265431,_depth_est_forward,27467.915,4998.063,4998.063,0
1752893716.279176,_depth_est_forward,27462.709,4998.063,4998.063,0
1752893744.117639,_depth_est_forward,27459.548,4998.063,4998.063,0
1752893772.095766,_depth_est_forward,27409.553,4998.063,4998.063,0
1752893799.857203,_depth_est_forward,27398.047,4998.063,4998.063,0
1752893827.908338,_depth_est_forward,27509.757,4998.063,4998.063,0
1752893855.859120,_depth_est_forward,27575.310,4998.063,4998.063,0
1752893883.506943,_depth_est_forward,27275.979,4998.063,4998.063,0
1752893911.302811,_depth_est_forward,27256.937,4998.063,4998.063,0
1752893939.208862,_depth_est_forward,27537.127,4998.063,4998.063,0
1752893967.087894,_depth_est_forward,27341.610,4998.063,4998.063,0
1752893995.052768,_depth_est_forward,27453.118,4998.063,4998.063,0
1752894022.753188,_depth_est_forward,27343.776,4998.063,4998.063,0
1752894050.719394,_depth_est_forward,27430.590,4998.063,4998.063,0
1752894078.509460,_depth_est_forward,27235.233,4998.063,4998.063,0
1752894106.412780,_depth_est_forward,27371.264,4998.063,4998.063,0
1752894134.305080,_depth_est_forward,27338.995,4998.063,4998.063,0
1752894162.196983,_depth_est_forward,27540.288,4998.063,4998.063,0
1752894190.012284,_depth_est_forward,27276.529,4998.063,4998.063,0
1752894217.917359,_depth_est_forward,27385.265,4998.063,4998.063,0
1752894245.828187,_depth_est_forward,27362.693,4998.063,4998.063,0
1752894273.670768,_depth_est_forward,27303.026,4998.063,4998.063,0
1752894301.427044,_depth_est_forward,27208.249,4998.063,4998.063,0
1752894329.197346,_depth_est_forward,27242.083,4998.063,4998.063,0
1752894357.183124,_depth_est_forward,27300.097,4998.063,4998.063,0
1752894385.092673,_depth_est_forward,27361.261,4998.063,4998.063,0
1752894412.943702,_depth_est_forward,27326.638,4998.063,4998.063,0
1752894440.941898,_depth_est_forward,27462.409,4998.063,4998.063,0
1752894468.848368,_depth_est_forward,27358.594,4998.063,4998.063,0
1752894496.825680,_depth_est_forward,27301.279,4998.063,4998.063,0
1752894525.088624,_depth_est_forward,27592.588,4998.063,4998.063,0
1752894552.933171,_depth_est_forward,27184.607,4998.063,4998.063,0
1752894580.903357,_depth_est_forward,27304.948,4998.063,4998.063,0
1752894609.075031,_depth_est_forward,27636.070,4998.063,4998.063,0
1752894636.887196,_depth_est_forward,27270.219,4998.063,4998.063,0
1752894664.690419,_depth_est_forward,27194.938,4998.063,4998.063,0
1752894692.618536,_depth_est_forward,27259.838,4998.063,4998.063,0
1752894720.617451,_depth_est_forward,27330.464,4998.063,4998.063,0
1752894748.466180,_depth_est_forward,27339.054,4998.063,4998.063,0
1752894776.421303,_depth_est_forward,27436.515,4998.063,4998.063,0
1752894804.160851,_depth_est_forward,27236.174,4998.063,4998.063,0
1752894831.920105,_depth_est_forward,27255.102,4998.063,4998.063,0
1752894859.901796,_depth_est_forward,27470.578,4998.063,4998.063,0
1752894887.720715,_depth_est_forward,27299.236,4998.063,4998.063,0
1752894915.515177,_depth_est_forward,27307.415,4998.063,4998.063,0
1752894943.307891,_depth_est_forward,27430.653,4998.063,4998.063,0
1752894971.085275,_depth_est_forward,27415.235,4998.063,4998.063,0
1752894998.837129,_depth_est_forward,27266.084,4998.063,4998.063,0
1752895026.551185,_depth_est_forward,27242.337,4998.063,4998.063,0
1752895054.198913,_depth_est_forward,27180.660,4998.063,4998.063,0
1752895082.300066,_depth_est_forward,27627.033,4998.063,4998.063,0
1752895110.148209,_depth_est_forward,27375.045,4998.063,4998.063,0
1752895137.927063,_depth_est_forward,27312.793,4998.063,4998.063,0
1752895165.915432,_depth_est_forward,27527.243,4998.063,4998.063,0
1752895193.861810,_depth_est_forward,27493.493,4998.063,4998.063,0
1752895221.806220,_depth_est_forward,27471.203,4998.063,4998.063,0
1752895249.546662,_depth_est_forward,27273.748,4998.063,4998.063,0
1752895277.618097,_depth_est_forward,27510.557,4998.063,4998.063,0
1752895305.306768,_depth_est_forward,27193.915,4998.063,4998.063,0
1752895333.035275,_depth_est_forward,27248.593,4998.063,4998.063,0
1752895360.991880,_depth_est_forward,27473.693,4998.063,4998.063,0
1752895388.854120,_depth_est_forward,27373.069,4998.063,4998.063,0
1752895416.712623,_depth_est_forward,27383.376,4998.063,4998.063,0
1752895444.469856,_depth_est_forward,27307.246,4998.063,4998.063,0
1752895472.264673,_depth_est_forward,27311.451,4998.063,4998.063,0
1752895500.266977,_depth_est_forward,27541.543,4998.063,4998.063,0
1752895528.243562,_depth_est_forward,27503.848,4998.063,4998.063,0
1752895556.060956,_depth_est_forward,27333.829,4998.063,4998.063,0
1752895583.865976,_depth_est_forward,27239.092,4998.063,4998.063,0
1752895611.764485,_depth_est_forward,27413.556,4998.063,4998.063,0
1752895639.758622,_depth_est_forward,27513.963,4998.063,4998.063,0
1752895667.672225,_depth_est_forward,27441.771,4998.063,4998.063,0
1752895695.658303,_depth_est_forward,27493.902,4998.063,4998.063,0
1752895723.522741,_depth_est_forward,27381.182,4998.063,4998.063,0
1752895751.364376,_depth_est_forward,27388.687,4998.063,4998.063,0
1752895779.362874,_depth_est_forward,27489.733,4998.063,4998.063,0
1752895807.192674,_depth_est_forward,27156.429,4998.063,4998.063,0
1752895835.078732,_depth_est_forward,27205.112,4998.063,4998.063,0
1752895862.919074,_depth_est_forward,27310.067,4998.063,4998.063,0
1752895890.783969,_depth_est_forward,27301.897,4998.063,4998.063,0
1752895918.687486,_depth_est_forward,27351.548,4998.063,4998.063,0
1752895946.886834,_depth_est_forward,27488.318,4998.063,4998.063,0
1752895974.884174,_depth_est_forward,27440.185,4998.063,4998.063,0
1752896002.751381,_depth_est_forward,27300.153,4998.063,4998.063,0
1752896030.546820,_depth_est_forward,27269.942,4998.063,4998.063,0
1752896058.657433,_depth_est_forward,27581.344,4998.063,4998.063,0
1752896086.485629,_depth_est_forward,27304.032,4998.063,4998.063,0
1752896114.138378,_depth_est_forward,27288.062,4998.063,4998.063,0
1752896142.197343,_depth_est_forward,27497.436,4998.063,4998.063,0
1752896169.993229,_depth_est_forward,27250.516,4998.063,4998.063,0
1752896197.895001,_depth_est_forward,27314.969,4998.063,4998.063,0
1752896225.719418,_depth_est_forward,27252.169,4998.063,4998.063,0
1752896253.544430,_depth_est_forward,27232.939,4998.063,4998.063,0
1752896281.475080,_depth_est_forward,27326.898,4998.063,4998.063,0
1752896309.425795,_depth_est_forward,27348.096,4998.063,4998.063,0
1752896337.135359,_depth_est_forward,27119.270,4998.063,4998.063,0
1752896365.045110,_depth_est_forward,27285.768,4998.063,4998.063,0
1752896392.809452,_depth_est_forward,27158.828,4998.063,4998.063,0
1752896420.794203,_depth_est_forward,27397.336,4998.063,4998.063,0
1752896448.940386,_depth_est_forward,27514.004,4998.063,4998.063,0
1752896477.091348,_depth_est_forward,27526.213,4998.063,4998.063,0
1752896505.020042,_depth_est_forward,27355.876,4998.063,4998.063,0
1752896532.945403,_depth_est_forward,27288.772,4998.063,4998.063,0
1752896560.979559,_depth_est_forward,27427.623,4998.063,4998.063,0
1752896589.104449,_depth_est_forward,27496.045,4998.063,4998.063,0
1752896617.308367,_depth_est_forward,27590.416,4998.063,4998.063,0
1752896645.264932,_depth_est_forward,27320.813,4998.063,4998.063,0
1752896673.272690,_depth_est_forward,27350.379,4998.063,4998.063,0
1752896701.207798,_depth_est_forward,27306.336,4998.063,4998.063,0
1752896729.348335,_depth_est_forward,27503.695,4998.063,4998.063,0
1752896757.386971,_depth_est_forward,27394.537,4998.063,4998.063,0
1752896785.272089,_depth_est_forward,27247.549,4998.063,4998.063,0
1752896813.468899,_depth_est_forward,27635.823,4998.063,4998.063,0
1752896841.484138,_depth_est_forward,27345.357,4998.063,4998.063,0
1752896869.460807,_depth_est_forward,27321.787,4998.063,4998.063,0
1752896897.404214,_depth_est_forward,27262.048,4998.063,4998.063,0
1752896925.259227,_depth_est_forward,27198.112,4998.063,4998.063,0
1752896953.179816,_depth_est_forward,27238.736,4998.063,4998.063,0
1752896981.417199,_depth_est_forward,27553.069,4998.063,4998.063,0
1752897009.423053,_depth_est_forward,27323.999,4998.063,4998.063,0
1752897037.612286,_depth_est_forward,27520.983,4998.063,4998.063,0
1752897065.506835,_depth_est_forward,27209.712,4998.063,4998.063,0
1752897093.610595,_depth_est_forward,27413.618,4998.063,4998.063,0
1752897121.508364,_depth_est_forward,27308.861,4998.063,4998.063,0
1752897149.595687,_depth_est_forward,27408.999,4998.063,4998.063,0
1752897177.510621,_depth_est_forward,27219.288,4998.063,4998.063,0
1752897205.648512,_depth_est_forward,27436.591,4998.063,4998.063,0
1752897233.762841,_depth_est_forward,27416.701,4998.063,4998.063,0
1752897261.882126,_depth_est_forward,27460.232,4998.063,4998.063,0
1752897290.042235,_depth_est_forward,27459.944,4998.063,4998.063,0
1752897318.042505,_depth_est_forward,27286.573,4998.063,4998.063,0
1752897346.341791,_depth_est_forward,27593.552,4998.063,4998.063,0
1752897374.803225,_depth_est_forward,27421.565,4998.063,4998.063,0
1752897403.304894,_depth_est_forward,27386.797,4998.063,4998.063,0
1752897431.445925,_depth_est_forward,27569.041,4998.063,4998.063,0
1752897460.047180,_depth_est_forward,27465.490,4998.063,4998.063,0
1752897488.561536,_depth_est_forward,27360.835,4998.063,4998.063,0
1752897517.135458,_depth_est_forward,27443.063,4998.063,4998.063,0
1752897548.719753,_depth_est_forward,30072.288,4998.063,4998.063,0
1752897576.292365,_depth_est_forward,26721.578,4998.063,4998.063,0
1752897603.866296,_depth_est_forward,26734.637,4998.063,4998.063,0
1752897631.460583,_depth_est_forward,26702.124,4998.063,4998.063,0
1752897659.069057,_depth_est_forward,26701.657,4998.063,4998.063,0
1752897686.654012,_depth_est_forward,26679.344,4998.063,4998.063,0
1752897714.254283,_depth_est_forward,26691.719,4998.063,4998.063,0
1752897741.473390,_depth_est_forward,26776.730,4998.063,4998.063,0
1752897769.089789,_depth_est_forward,26678.837,4998.063,4998.063,0
1752897796.670978,_depth_est_forward,26664.303,4998.063,4998.063,0
1752897824.365830,_depth_est_forward,26760.020,4998.063,4998.063,0
1752897851.974846,_depth_est_forward,26672.328,4998.063,4998.063,0
1752897879.590994,_depth_est_forward,26672.015,4998.063,4998.063,0
1752897907.246498,_depth_est_forward,26689.763,4998.063,4998.063,0
1752897934.959660,_depth_est_forward,26747.843,4998.063,4998.063,0
1752897962.657109,_depth_est_forward,26738.507,4998.063,4998.063,0
1752897990.341463,_depth_est_forward,26711.880,4998.063,4998.063,0
1752898018.007918,_depth_est_forward,26743.616,4998.063,4998.063,0
1752898045.005231,_depth_est_forward,26707.297,4998.063,4998.063,0
1752898072.191221,_depth_est_forward,26728.558,4998.063,4998.063,0
1752898099.861829,_depth_est_forward,26711.548,4998.063,4998.063,0
1752898127.817179,_depth_est_forward,27007.682,4998.063,4998.063,0
1752898154.646422,_depth_est_forward,25701.283,4998.063,4998.063,0
1752898182.222915,_depth_est_forward,26412.091,4998.063,4998.063,0
1752898210.583751,_depth_est_forward,27169.372,4998.063,4998.063,0
1752898238.775582,_depth_est_forward,27035.655,4998.063,4998.063,0
1752898267.080338,_depth_est_forward,27137.589,4998.063,4998.063,0
1752898295.367136,_depth_est_forward,27098.830,4998.063,4998.063,0
1752898323.598844,_depth_est_forward,27099.798,4998.063,4998.063,0
1752898352.141104,_depth_est_forward,27108.658,4998.063,4998.063,0
1752898379.637378,_depth_est_forward,27002.413,4998.063,4998.063,0
1752898407.815007,_depth_est_forward,27037.692,4998.063,4998.063,0
1752898436.135016,_depth_est_forward,27149.627,4998.063,4998.063,0
1752898464.587545,_depth_est_forward,27252.717,4998.063,4998.063,0
1752898493.178103,_depth_est_forward,27243.740,4998.063,4998.063,0
1752898521.378815,_depth_est_forward,27051.154,4998.063,4998.063,0
1752898549.635218,_depth_est_forward,27106.802,4998.063,4998.063,0
1752898577.767590,_depth_est_forward,26999.193,4998.063,4998.063,0
1752898605.903576,_depth_est_forward,27018.568,4998.063,4998.063,0
1752898634.074938,_depth_est_forward,27070.916,4998.063,4998.063,0
1752898662.376438,_depth_est_forward,27139.047,4998.063,4998.063,0
1752898690.011136,_depth_est_forward,27136.018,4998.063,4998.063,0
1752898718.150731,_depth_est_forward,27029.945,4998.063,4998.063,0
1752898746.359217,_depth_est_forward,27043.803,4998.063,4998.063,0
1752898774.709147,_depth_est_forward,27169.572,4998.063,4998.063,0
1752898802.963984,_depth_est_forward,27143.707,4998.063,4998.063,0
1752898831.228107,_depth_est_forward,27102.246,4998.063,4998.063,0
1752898859.415371,_depth_est_forward,27011.856,4998.063,4998.063,0
1752898887.641644,_depth_est_forward,27108.620,4998.063,4998.063,0
1752898915.810494,_depth_est_forward,27008.629,4998.063,4998.063,0
1752898944.113042,_depth_est_forward,27149.537,4998.063,4998.063,0
1752898972.405751,_depth_est_forward,27129.156,4998.063,4998.063,0
1752899000.019018,_depth_est_forward,27125.219,4998.063,4998.063,0
1752899028.241953,_depth_est_forward,27069.349,4998.063,4998.063,0
1752899056.641545,_depth_est_forward,27061.706,4998.063,4998.063,0
1752899084.794975,_depth_est_forward,27027.703,4998.063,4998.063,0
1752899113.031279,_depth_est_forward,27043.978,4998.063,4998.063,0
1752899141.200198,_depth_est_forward,26994.967,4998.063,4998.063,0
1752899169.345473,_depth_est_forward,27015.634,4998.063,4998.063,0
1752899197.551688,_depth_est_forward,27096.471,4998.063,4998.063,0
1752899225.747417,_depth_est_forward,27017.158,4998.063,4998.063,0
1752899253.904263,_depth_est_forward,27011.820,4998.063,4998.063,0
1752899281.442145,_depth_est_forward,27033.374,4998.063,4998.063,0
1752899309.592278,_depth_est_forward,27015.062,4998.063,4998.063,0
1752899337.677263,_depth_est_forward,26930.376,4998.063,4998.063,0
1752899365.833464,_depth_est_forward,27036.041,4998.063,4998.063,0
1752899394.108761,_depth_est_forward,27153.449,4998.063,4998.063,0
1752899422.310976,_depth_est_forward,27069.537,4998.063,4998.063,0
1752899450.586900,_depth_est_forward,27125.636,4998.063,4998.063,0
1752899478.797523,_depth_est_forward,27083.698,4998.063,4998.063,0
1752899506.996972,_depth_est_forward,27047.598,4998.063,4998.063,0
1752899535.284814,_depth_est_forward,27112.417,4998.063,4998.063,0
1752899563.479248,_depth_est_forward,27046.851,4998.063,4998.063,0
1752899590.780726,_depth_est_forward,26803.130,4998.063,4998.063,0
1752899619.018842,_depth_est_forward,27094.970,4998.063,4998.063,0
1752899647.266652,_depth_est_forward,27155.577,4998.063,4998.063,0
1752899675.449840,_depth_est_forward,27060.427,4998.063,4998.063,0
1752899703.611378,_depth_est_forward,27038.165,4998.063,4998.063,0
1752899731.784522,_depth_est_forward,27082.867,4998.063,4998.063,0
1752899759.872334,_depth_est_forward,27027.739,4998.063,4998.063,0
1752899787.997303,_depth_est_forward,27006.371,4998.063,4998.063,0
1752899816.181530,_depth_est_forward,27056.707,4998.063,4998.063,0
1752899844.150911,_depth_est_forward,26900.254,4998.063,4998.063,0
1752899872.245186,_depth_est_forward,26997.223,4998.063,4998.063,0
1752899899.814629,_depth_est_forward,27060.416,4998.063,4998.063,0
1752899927.869557,_depth_est_forward,26988.801,4998.063,4998.063,0
1752899955.800346,_depth_est_forward,26893.651,4998.063,4998.063,0
1752899983.839608,_depth_est_forward,26998.153,4998.063,4998.063,0
1752900011.839447,_depth_est_forward,26946.562,4998.063,4998.063,0
1752900039.810307,_depth_est_forward,26985.849,4998.063,4998.063,0
1752900067.676802,_depth_est_forward,26857.051,4998.063,4998.063,0
1752900095.742350,_depth_est_forward,27061.057,4998.063,4998.063,0
1752900123.751722,_depth_est_forward,26975.214,4998.063,4998.063,0
1752900151.818443,_depth_est_forward,27010.944,4998.063,4998.063,0
1752900180.193360,_depth_est_forward,27338.403,4998.063,4998.063,0
1752900207.912057,_depth_est_forward,27233.079,4998.063,4998.063,0
1752900236.148831,_depth_est_forward,27252.968,4998.063,4998.063,0
1752900264.501203,_depth_est_forward,27353.727,4998.063,4998.063,0
1752900292.755824,_depth_est_forward,27251.767,4998.063,4998.063,0
1752900320.952576,_depth_est_forward,27206.655,4998.063,4998.063,0
1752900349.216792,_depth_est_forward,27240.805,4998.063,4998.063,0
1752900377.514962,_depth_est_forward,27290.651,4998.063,4998.063,0
1752900405.786161,_depth_est_forward,27233.855,4998.063,4998.063,0
1752900433.994368,_depth_est_forward,27257.873,4998.063,4998.063,0
1752900462.229381,_depth_est_forward,27320.792,4998.063,4998.063,0
1752900490.538894,_depth_est_forward,27338.407,4998.063,4998.063,0
1752900518.352763,_depth_est_forward,27301.605,4998.063,4998.063,0
1752900546.552981,_depth_est_forward,27271.688,4998.063,4998.063,0
1752900574.757241,_depth_est_forward,27272.861,4998.063,4998.063,0
1752900603.029026,_depth_est_forward,27298.626,4998.063,4998.063,0
1752900631.175786,_depth_est_forward,27201.852,4998.063,4998.063,0
1752900659.252378,_depth_est_forward,27161.906,4998.063,4998.063,0
1752900686.964347,_depth_est_forward,27272.682,4998.063,4998.063,0
1752900714.655387,_depth_est_forward,27251.784,4998.063,4998.063,0
1752900742.540843,_depth_est_forward,27270.474,4998.063,4998.063,0
1752900770.153664,_depth_est_forward,26997.916,4998.063,4998.063,0
1752900797.783472,_depth_est_forward,26998.893,4998.063,4998.063,0
1752900825.359220,_depth_est_forward,27066.434,4998.063,4998.063,0
1752900853.014314,_depth_est_forward,27018.818,4998.063,4998.063,0
1752900880.373344,_depth_est_forward,26925.295,4998.063,4998.063,0
1752900908.075319,_depth_est_forward,27029.496,4998.063,4998.063,0
1752900935.723196,_depth_est_forward,27062.108,4998.063,4998.063,0
1752900963.403845,_depth_est_forward,27018.339,4998.063,4998.063,0
1752900991.004961,_depth_est_forward,27039.858,4998.063,4998.063,0
1752901018.620000,_depth_est_forward,27039.338,4998.063,4998.063,0
1752901046.148188,_depth_est_forward,26961.457,4998.063,4998.063,0
1752901074.108539,_depth_est_forward,27386.678,4998.063,4998.063,0
1752901103.058640,_depth_est_forward,28098.133,4998.063,4998.063,0
1752901131.831498,_depth_est_forward,27324.627,4998.063,4998.063,0
1752901160.347564,_depth_est_forward,27166.148,4998.063,4998.063,0
1752901189.055473,_depth_est_forward,27331.651,4998.063,4998.063,0
1752901221.004939,_depth_est_forward,30551.483,4998.063,4998.063,0
1752901252.127173,_depth_est_forward,29706.595,4998.063,4998.063,0
1752901282.266132,_depth_est_forward,28933.372,4998.063,4998.063,0
1752901312.763217,_depth_est_forward,29276.691,4998.063,4998.063,0
1752901343.131123,_depth_est_forward,29156.972,4998.063,4998.063,0
1752901373.471105,_depth_est_forward,29127.445,4998.063,4998.063,0
1752901403.964614,_depth_est_forward,29270.027,4998.063,4998.063,0
1752901434.498211,_depth_est_forward,29265.110,4998.063,4998.063,0
1752901464.785172,_depth_est_forward,29058.196,4998.063,4998.063,0
1752901494.821404,_depth_est_forward,28919.697,4998.063,4998.063,0
1752901524.947981,_depth_est_forward,28909.295,4998.063,4998.063,0
1752901555.025010,_depth_est_forward,28866.321,4998.063,4998.063,0
1752901585.149864,_depth_est_forward,28904.360,4998.063,4998.063,0
1752901615.317676,_depth_est_forward,28974.329,4998.063,4998.063,0
1752901645.425808,_depth_est_forward,28904.437,4998.063,4998.063,0
1752901675.544526,_depth_est_forward,28923.151,4998.063,4998.063,0
1752901705.742881,_depth_est_forward,28980.816,4998.063,4998.063,0
1752901736.615183,_depth_est_forward,29622.763,4998.063,4998.063,0
1752901766.812837,_depth_est_forward,28970.121,4998.063,4998.063,0
1752901797.572242,_depth_est_forward,29540.150,4998.063,4998.063,0
1752901827.644788,_depth_est_forward,28977.074,4998.063,4998.063,0
1752901857.513289,_depth_est_forward,28653.954,4998.063,4998.063,0
1752901887.606675,_depth_est_forward,28868.282,4998.063,4998.063,0
1752901917.809782,_depth_est_forward,28966.944,4998.063,4998.063,0
1752901947.969411,_depth_est_forward,28908.187,4998.063,4998.063,0
1752901978.131953,_depth_est_forward,28894.413,4998.063,4998.063,0
1752902008.333807,_depth_est_forward,28917.866,4998.063,4998.063,0
1752902038.460147,_depth_est_forward,28853.942,4998.063,4998.063,0
1752902068.589986,_depth_est_forward,28820.074,4998.063,4998.063,0
1752902098.712683,_depth_est_forward,28817.088,4998.063,4998.063,0
1752902128.931283,_depth_est_forward,28912.472,4998.063,4998.063,0
1752902158.958186,_depth_est_forward,28925.497,4998.063,4998.063,0
1752902189.087645,_depth_est_forward,28836.488,4998.063,4998.063,0
1752902219.215471,_depth_est_forward,28804.953,4998.063,4998.063,0
1752902249.372044,_depth_est_forward,28837.876,4998.063,4998.063,0
1752902279.582816,_depth_est_forward,28892.917,4998.063,4998.063,0
1752902309.853790,_depth_est_forward,28930.837,4998.063,4998.063,0
1752902340.141161,_depth_est_forward,28938.635,4998.063,4998.063,0
1752902370.395936,_depth_est_forward,28968.383,4998.063,4998.063,0
1752902400.840010,_depth_est_forward,29069.142,4998.063,4998.063,0
1752902431.064872,_depth_est_forward,28920.268,4998.063,4998.063,0
1752902461.342470,_depth_est_forward,28977.657,4998.063,4998.063,0
1752902491.328332,_depth_est_forward,28897.688,4998.063,4998.063,0
1752902521.874634,_depth_est_forward,29286.571,4998.063,4998.063,0
1752902552.446462,_depth_est_forward,29299.425,4998.063,4998.063,0
1752902582.681427,_depth_est_forward,28966.265,4998.063,4998.063,0
1752902613.745746,_depth_est_forward,29741.232,4998.063,4998.063,0
1752902644.269492,_depth_est_forward,29239.148,4998.063,4998.063,0
1752902675.320114,_depth_est_forward,29705.136,4998.063,4998.063,0
1752902706.474427,_depth_est_forward,29743.755,4998.063,4998.063,0
1752902737.419687,_depth_est_forward,29596.870,4998.063,4998.063,0
1752902768.323747,_depth_est_forward,29547.073,4998.063,4998.063,0
1752902799.355862,_depth_est_forward,29590.896,4998.063,4998.063,0
1752902829.812232,_depth_est_forward,29329.314,4998.063,4998.063,0
1752902860.752409,_depth_est_forward,29632.997,4998.063,4998.063,0
1752902891.101575,_depth_est_forward,28914.135,4998.063,4998.063,0
1752902922.390850,_depth_est_forward,29938.040,4998.063,4998.063,0
1752902953.364268,_depth_est_forward,29628.380,4998.063,4998.063,0
1752902984.194443,_depth_est_forward,29497.823,4998.063,4998.063,0
1752903014.460953,_depth_est_forward,28981.775,4998.063,4998.063,0
1752903044.819071,_depth_est_forward,29027.960,4998.063,4998.063,0
1752903075.064994,_depth_est_forward,28950.667,4998.063,4998.063,0
1752903105.345839,_depth_est_forward,29003.247,4998.063,4998.063,0
1752903135.575632,_depth_est_forward,28921.598,4998.063,4998.063,0
1752903165.725777,_depth_est_forward,28947.403,4998.063,4998.063,0
1752903195.992707,_depth_est_forward,28972.174,4998.063,4998.063,0
1752903226.203107,_depth_est_forward,28912.209,4998.063,4998.063,0
1752903256.434280,_depth_est_forward,28948.898,4998.063,4998.063,0
1752903286.764194,_depth_est_forward,29075.177,4998.063,4998.063,0
1752903317.450060,_depth_est_forward,29375.697,4998.063,4998.063,0
1752903348.241883,_depth_est_forward,29462.591,4998.063,4998.063,0
1752903378.820103,_depth_est_forward,29322.396,4998.063,4998.063,0
1752903409.628465,_depth_est_forward,29564.460,4998.063,4998.063,0
1752903440.816669,_depth_est_forward,29545.205,4998.063,4998.063,0
1752903472.187995,_depth_est_forward,30004.353,4998.063,4998.063,0
1752903502.793973,_depth_est_forward,29515.380,4998.063,4998.063,0
1752903533.910896,_depth_est_forward,29799.025,4998.063,4998.063,0
1752903565.070309,_depth_est_forward,29897.480,4998.063,4998.063,0
1752903595.669570,_depth_est_forward,29341.111,4998.063,4998.063,0
1752903626.867633,_depth_est_forward,29934.240,4998.063,4998.063,0
1752903657.625115,_depth_est_forward,29438.308,4998.063,4998.063,0
1752903688.232109,_depth_est_forward,29404.786,4998.063,4998.063,0
1752903719.240225,_depth_est_forward,29794.939,4998.063,4998.063,0
1752903750.337888,_depth_est_forward,29820.826,4998.063,4998.063,0
1752903781.185238,_depth_est_forward,29633.407,4998.063,4998.063,0
1752903811.416708,_depth_est_forward,29026.756,4998.063,4998.063,0
1752903841.458584,_depth_est_forward,28984.685,4998.063,4998.063,0
1752903872.264694,_depth_est_forward,29588.737,4998.063,4998.063,0
1752903902.886914,_depth_est_forward,29218.515,4998.063,4998.063,0
1752903933.765458,_depth_est_forward,29634.321,4998.063,4998.063,0
1752903965.048387,_depth_est_forward,30009.358,4998.063,4998.063,0
1752903996.128204,_depth_est_forward,29850.211,4998.063,4998.063,0
1752904027.140980,_depth_est_forward,29847.367,4998.063,4998.063,0
1752904058.424936,_depth_est_forward,30009.346,4998.063,4998.063,0
1752904089.393071,_depth_est_forward,29707.982,4998.063,4998.063,0
1752904120.114117,_depth_est_forward,29551.261,4998.063,4998.063,0
1752904150.484797,_depth_est_forward,29096.249,4998.063,4998.063,0
1752904181.111497,_depth_est_forward,29537.981,4998.063,4998.063,0
1752904212.307690,_depth_est_forward,29989.149,4998.063,4998.063,0
1752904243.138740,_depth_est_forward,29376.568,4998.063,4998.063,0
1752904273.452502,_depth_est_forward,29023.292,4998.063,4998.063,0
1752904303.583831,_depth_est_forward,28965.322,4998.063,4998.063,0
1752904333.786986,_depth_est_forward,28895.491,4998.063,4998.063,0
1752904364.039432,_depth_est_forward,28941.583,4998.063,4998.063,0
1752904394.281612,_depth_est_forward,28936.583,4998.063,4998.063,0
1752904424.509134,_depth_est_forward,28911.042,4998.063,4998.063,0
1752904454.513963,_depth_est_forward,28875.904,4998.063,4998.063,0
1752904484.454627,_depth_est_forward,28833.839,4998.063,4998.063,0
1752904512.875927,_depth_est_forward,27338.727,4998.063,4998.063,0
1752904541.340404,_depth_est_forward,27453.701,4998.063,4998.063,0
1752904569.281445,_depth_est_forward,26818.147,4998.063,4998.063,0
1752904599.302608,_depth_est_forward,28875.606,4998.063,4998.063,0
1752904629.346786,_depth_est_forward,28916.043,4998.063,4998.063,0
1752904659.474539,_depth_est_forward,28988.997,4998.063,4998.063,0
1752904689.613965,_depth_est_forward,28990.987,4998.063,4998.063,0
1752904719.799840,_depth_est_forward,29063.663,4998.063,4998.063,0
1752904749.948662,_depth_est_forward,28996.868,4998.063,4998.063,0
1752904780.116818,_depth_est_forward,29030.454,4998.063,4998.063,0
1752904810.285705,_depth_est_forward,29022.550,4998.063,4998.063,0
1752904840.452897,_depth_est_forward,29042.595,4998.063,4998.063,0
1752904870.473977,_depth_est_forward,28993.145,4998.063,4998.063,0
1752904900.687034,_depth_est_forward,29102.794,4998.063,4998.063,0
1752904931.158770,_depth_est_forward,29357.576,4998.063,4998.063,0
1752904961.302794,_depth_est_forward,28990.859,4998.063,4998.063,0
1752904991.792955,_depth_est_forward,29372.207,4998.063,4998.063,0
1752905022.078621,_depth_est_forward,29122.231,4998.063,4998.063,0
1752905052.997122,_depth_est_forward,29705.866,4998.063,4998.063,0
1752905083.367427,_depth_est_forward,29241.557,4998.063,4998.063,0
1752905113.820285,_depth_est_forward,29331.575,4998.063,4998.063,0
1752905143.460190,_depth_est_forward,28540.494,4998.063,4998.063,0
1752905172.506265,_depth_est_forward,27875.825,4998.063,4998.063,0
1752905202.744828,_depth_est_forward,29007.287,4998.063,4998.063,0
1752905232.842129,_depth_est_forward,28981.021,4998.063,4998.063,0
1752905262.936612,_depth_est_forward,28972.718,4998.063,4998.063,0
1752905293.027196,_depth_est_forward,28995.959,4998.063,4998.063,0
1752905323.025295,_depth_est_forward,28888.816,4998.063,4998.063,0
1752905352.926669,_depth_est_forward,28796.483,4998.063,4998.063,0
1752905383.008850,_depth_est_forward,28935.057,4998.063,4998.063,0
1752905413.142844,_depth_est_forward,29022.629,4998.063,4998.063,0
1752905443.160805,_depth_est_forward,28914.253,4998.063,4998.063,0
1752905473.176532,_depth_est_forward,28884.526,4998.063,4998.063,0
1752905503.354101,_depth_est_forward,29038.064,4998.063,4998.063,0
1752905533.795701,_depth_est_forward,29167.920,4998.063,4998.063,0
1752905564.181223,_depth_est_forward,29256.528,4998.063,4998.063,0
1752905594.417353,_depth_est_forward,29136.374,4998.063,4998.063,0
1752905624.664603,_depth_est_forward,29133.380,4998.063,4998.063,0
1752905654.974408,_depth_est_forward,29189.076,4998.063,4998.063,0
1752905684.769899,_depth_est_forward,28658.958,4998.063,4998.063,0
1752905714.464087,_depth_est_forward,28593.212,4998.063,4998.063,0
1752905744.720806,_depth_est_forward,29133.356,4998.063,4998.063,0
1752905774.775867,_depth_est_forward,28942.052,4998.063,4998.063,0
1752905804.882318,_depth_est_forward,29010.817,4998.063,4998.063,0
1752905835.166042,_depth_est_forward,29087.446,4998.063,4998.063,0
1752905865.427710,_depth_est_forward,29025.770,4998.063,4998.063,0
1752905895.569423,_depth_est_forward,29015.530,4998.063,4998.063,0
1752905925.764870,_depth_est_forward,29070.176,4998.063,4998.063,0
1752905955.943018,_depth_est_forward,29054.060,4998.063,4998.063,0
1752905986.426671,_depth_est_forward,29207.772,4998.063,4998.063,0
1752906015.646661,_depth_est_forward,28102.439,4998.063,4998.063,0
1752906045.867091,_depth_est_forward,29132.331,4998.063,4998.063,0
1752906076.262041,_depth_est_forward,29115.810,4998.063,4998.063,0
1752906106.755030,_depth_est_forward,29212.229,4998.063,4998.063,0
1752906136.021293,_depth_est_forward,28177.640,4998.063,4998.063,0
1752906166.081218,_depth_est_forward,28966.421,4998.063,4998.063,0
1752906196.264339,_depth_est_forward,29162.085,4998.063,4998.063,0
1752906227.059187,_depth_est_forward,29504.548,4998.063,4998.063,0
1752906257.374790,_depth_est_forward,29212.760,4998.063,4998.063,0
1752906287.386628,_depth_est_forward,29181.941,4998.063,4998.063,0
1752906317.377698,_depth_est_forward,28888.734,4998.063,4998.063,0
1752906347.778467,_depth_est_forward,29303.860,4998.063,4998.063,0
1752906378.454923,_depth_est_forward,29621.085,4998.063,4998.063,0
1752906408.347620,_depth_est_forward,28894.655,4998.063,4998.063,0
1752906438.424075,_depth_est_forward,29052.021,4998.063,4998.063,0
1752906469.579506,_depth_est_forward,30279.402,4998.063,4998.063,0
1752906499.531030,_depth_est_forward,28936.802,4998.063,4998.063,0
1752906529.900350,_depth_est_forward,29380.646,4998.063,4998.063,0
1752906559.865578,_depth_est_forward,29050.549,4998.063,4998.063,0
1752906590.006846,_depth_est_forward,29113.954,4998.063,4998.063,0
1752906620.117105,_depth_est_forward,29093.470,4998.063,4998.063,0
1752906650.289543,_depth_est_forward,29329.221,4998.063,4998.063,0
1752906682.457020,_depth_est_forward,31145.627,4998.063,4998.063,0
1752906713.103063,_depth_est_forward,29605.617,4998.063,4998.063,0
1752906743.247433,_depth_est_forward,29165.649,4998.063,4998.063,0
1752906773.408463,_depth_est_forward,29143.199,4998.063,4998.063,0
1752906803.299691,_depth_est_forward,29060.117,4998.063,4998.063,0
1752906833.713185,_depth_est_forward,29263.960,4998.063,4998.063,0
1752906864.017741,_depth_est_forward,29261.299,4998.063,4998.063,0
1752906894.879002,_depth_est_forward,29644.382,4998.063,4998.063,0
1752906925.217175,_depth_est_forward,28957.685,4998.063,4998.063,0
1752906955.474156,_depth_est_forward,28948.284,4998.063,4998.063,0
1752906985.722939,_depth_est_forward,28970.268,4998.063,4998.063,0
1752907015.650710,_depth_est_forward,28955.220,4998.063,4998.063,0
1752907045.600464,_depth_est_forward,28954.545,4998.063,4998.063,0
1752907075.520793,_depth_est_forward,28902.230,4998.063,4998.063,0
1752907105.589124,_depth_est_forward,29052.087,4998.063,4998.063,0
1752907135.540191,_depth_est_forward,28935.061,4998.063,4998.063,0
1752907165.922223,_depth_est_forward,29378.416,4998.063,4998.063,0
1752907196.359649,_depth_est_forward,29412.988,4998.063,4998.063,0
1752907226.330454,_depth_est_forward,29124.182,4998.063,4998.063,0
1752907255.975663,_depth_est_forward,28792.451,4998.063,4998.063,0
1752907279.133894,_depth_est_forward,22564.804,4998.063,4998.063,0
1752907302.170811,_depth_est_forward,22447.257,4998.063,4998.063,0
1752907325.225168,_depth_est_forward,22456.964,4998.063,4998.063,0
1752907348.327519,_depth_est_forward,22494.329,4998.063,4998.063,0
1752907371.492866,_depth_est_forward,22508.029,4998.063,4998.063,0
1752907394.645376,_depth_est_forward,22496.346,4998.063,4998.063,0
1752907417.812306,_depth_est_forward,22516.377,4998.063,4998.063,0
1752907440.959173,_depth_est_forward,22494.177,4998.063,4998.063,0
1752907464.159532,_depth_est_forward,22488.481,4998.063,4998.063,0
1752907487.307820,_depth_est_forward,22495.304,4998.063,4998.063,0
1752907510.444844,_depth_est_forward,22488.372,4998.063,4998.063,0
1752907533.623483,_depth_est_forward,22486.725,4998.063,4998.063,0
1752907556.749529,_depth_est_forward,22477.610,4998.063,4998.063,0
1752907579.857746,_depth_est_forward,22460.406,4998.063,4998.063,0
1752907602.900786,_depth_est_forward,22473.978,4998.063,4998.063,0
1752907625.942501,_depth_est_forward,22477.641,4998.063,4998.063,0
1752907649.060159,_depth_est_forward,22481.482,4998.063,4998.063,0
1752907672.137901,_depth_est_forward,22452.409,4998.063,4998.063,0
1752907695.267190,_depth_est_forward,22501.523,4998.063,4998.063,0
1752907718.600011,_depth_est_forward,22486.902,4998.063,4998.063,0
1752907741.787030,_depth_est_forward,22475.855,4998.063,4998.063,0
1752907764.885079,_depth_est_forward,22485.404,4998.063,4998.063,0
1752907788.002497,_depth_est_forward,22493.590,4998.063,4998.063,0
1752907811.110733,_depth_est_forward,22497.786,4998.063,4998.063,0
1752907834.195867,_depth_est_forward,22487.082,4998.063,4998.063,0
1752907857.290013,_depth_est_forward,22490.571,4998.063,4998.063,0
1752907880.388788,_depth_est_forward,22480.764,4998.063,4998.063,0
1752907903.485149,_depth_est_forward,22497.738,4998.063,4998.063,0
1752907926.618647,_depth_est_forward,22537.871,4998.063,4998.063,0
1752907949.752573,_depth_est_forward,22528.332,4998.063,4998.063,0
1752907972.843534,_depth_est_forward,22489.447,4998.063,4998.063,0
1752907996.050661,_depth_est_forward,22506.654,4998.063,4998.063,0
1752908019.150947,_depth_est_forward,22494.920,4998.063,4998.063,0
1752908042.251638,_depth_est_forward,22500.185,4998.063,4998.063,0
1752908065.341352,_depth_est_forward,22483.768,4998.063,4998.063,0
1752908088.437173,_depth_est_forward,22487.595,4998.063,4998.063,0
1752908111.571834,_depth_est_forward,22523.526,4998.063,4998.063,0
1752908134.699528,_depth_est_forward,22523.599,4998.063,4998.063,0
1752908157.799266,_depth_est_forward,22482.572,4998.063,4998.063,0
1752908180.918007,_depth_est_forward,22518.723,4998.063,4998.063,0
1752908204.009979,_depth_est_forward,22493.439,4998.063,4998.063,0
1752908227.071636,_depth_est_forward,22459.077,4998.063,4998.063,0
1752908250.245728,_depth_est_forward,22467.023,4998.063,4998.063,0
1752908273.281649,_depth_est_forward,22484.565,4998.063,4998.063,0
1752908296.415505,_depth_est_forward,22526.381,4998.063,4998.063,0
1752908319.506124,_depth_est_forward,22478.480,4998.063,4998.063,0
1752908342.592487,_depth_est_forward,22469.805,4998.063,4998.063,0
1752908365.693069,_depth_est_forward,22493.955,4998.063,4998.063,0
1752908388.790874,_depth_est_forward,22482.909,4998.063,4998.063,0
1752908411.904661,_depth_est_forward,22494.184,4998.063,4998.063,0
1752908435.042893,_depth_est_forward,22508.553,4998.063,4998.063,0
1752908458.154767,_depth_est_forward,22498.550,4998.063,4998.063,0
1752908481.305207,_depth_est_forward,22511.737,4998.063,4998.063,0
1752908504.507411,_depth_est_forward,22493.045,4998.063,4998.063,0
1752908527.635086,_depth_est_forward,22494.750,4998.063,4998.063,0
1752908550.681191,_depth_est_forward,22488.566,4998.063,4998.063,0
1752908573.740052,_depth_est_forward,22494.807,4998.063,4998.063,0
1752908596.903277,_depth_est_forward,22512.363,4998.063,4998.063,0
1752908619.949506,_depth_est_forward,22486.598,4998.063,4998.063,0
1752908643.138550,_depth_est_forward,22499.179,4998.063,4998.063,0
1752908666.334920,_depth_est_forward,22509.360,4998.063,4998.063,0
1752908689.624617,_depth_est_forward,22494.311,4998.063,4998.063,0
1752908712.968170,_depth_est_forward,22513.020,4998.063,4998.063,0
1752908736.267710,_depth_est_forward,22484.933,4998.063,4998.063,0
1752908759.480230,_depth_est_forward,22502.679,4998.063,4998.063,0
1752908782.837027,_depth_est_forward,22530.596,4998.063,4998.063,0
1752908806.365119,_depth_est_forward,22600.258,4998.063,4998.063,0
1752908829.711566,_depth_est_forward,22518.451,4998.063,4998.063,0
1752908853.040946,_depth_est_forward,22486.543,4998.063,4998.063,0
1752908877.331741,_depth_est_forward,23454.567,4998.063,4998.063,0
1752908900.705045,_depth_est_forward,22527.879,4998.063,4998.063,0
1752908924.034616,_depth_est_forward,22496.803,4998.063,4998.063,0
1752908947.420206,_depth_est_forward,22539.337,4998.063,4998.063,0
1752908970.774962,_depth_est_forward,22524.126,4998.063,4998.063,0
1752908994.137169,_depth_est_forward,22506.468,4998.063,4998.063,0
1752909017.503270,_depth_est_forward,22650.738,4998.063,4998.063,0
1752909040.843113,_depth_est_forward,22488.851,4998.063,4998.063,0
1752909064.183119,_depth_est_forward,22479.649,4998.063,4998.063,0
1752909087.518154,_depth_est_forward,22488.645,4998.063,4998.063,0
1752909110.839711,_depth_est_forward,22469.293,4998.063,4998.063,0
1752909134.159533,_depth_est_forward,22462.566,4998.063,4998.063,0
1752909157.494251,_depth_est_forward,22472.046,4998.063,4998.063,0
1752909180.841869,_depth_est_forward,22486.876,4998.063,4998.063,0
1752909204.223002,_depth_est_forward,22493.974,4998.063,4998.063,0
1752909227.579932,_depth_est_forward,22457.431,4998.063,4998.063,0
1752909250.956262,_depth_est_forward,22470.515,4998.063,4998.063,0
1752909274.157095,_depth_est_forward,22466.032,4998.063,4998.063,0
1752909297.549569,_depth_est_forward,22478.835,4998.063,4998.063,0
1752909320.945611,_depth_est_forward,22476.969,4998.063,4998.063,0
1752909344.327425,_depth_est_forward,22467.946,4998.063,4998.063,0
1752909367.782003,_depth_est_forward,22534.517,4998.063,4998.063,0
1752909391.165909,_depth_est_forward,22463.590,4998.063,4998.063,0
1752909414.608712,_depth_est_forward,22526.908,4998.063,4998.063,0
1752909437.997953,_depth_est_forward,22472.149,4998.063,4998.063,0
1752909461.407447,_depth_est_forward,22475.063,4998.063,4998.063,0
1752909484.833728,_depth_est_forward,22486.308,4998.063,4998.063,0
1752909508.242163,_depth_est_forward,22486.730,4998.063,4998.063,0
1752909531.439188,_depth_est_forward,22479.712,4998.063,4998.063,0
1752909554.855056,_depth_est_forward,22475.356,4998.063,4998.063,0
1752909578.317283,_depth_est_forward,22532.342,4998.063,4998.063,0
1752909601.724553,_depth_est_forward,22481.981,4998.063,4998.063,0
1752909625.110144,_depth_est_forward,22462.212,4998.063,4998.063,0
1752909648.536451,_depth_est_forward,22488.788,4998.063,4998.063,0
1752909671.954570,_depth_est_forward,22485.980,4998.063,4998.063,0
1752909695.344194,_depth_est_forward,22472.227,4998.063,4998.063,0
1752909718.727423,_depth_est_forward,22454.467,4998.063,4998.063,0
1752909742.119279,_depth_est_forward,22467.665,4998.063,4998.063,0
1752909765.494426,_depth_est_forward,22455.953,4998.063,4998.063,0
1752909788.772525,_depth_est_forward,22460.583,4998.063,4998.063,0
1752909812.179339,_depth_est_forward,22482.451,4998.063,4998.063,0
1752909835.663427,_depth_est_forward,22540.016,4998.063,4998.063,0
1752909858.872849,_depth_est_forward,22295.200,4998.063,4998.063,0
1752909882.298993,_depth_est_forward,22519.381,4998.063,4998.063,0
1752909905.685499,_depth_est_forward,22477.148,4998.063,4998.063,0
1752909929.059847,_depth_est_forward,22469.502,4998.063,4998.063,0
1752909952.440313,_depth_est_forward,22474.148,4998.063,4998.063,0
1752909975.877583,_depth_est_forward,22520.438,4998.063,4998.063,0
1752909999.212183,_depth_est_forward,22429.322,4998.063,4998.063,0
1752910022.785941,_depth_est_forward,22664.256,4998.063,4998.063,0
1752910045.971392,_depth_est_forward,22467.215,4998.063,4998.063,0
1752910069.282915,_depth_est_forward,22431.734,4998.063,4998.063,0
1752910092.743054,_depth_est_forward,22566.856,4998.063,4998.063,0
1752910116.156411,_depth_est_forward,22500.252,4998.063,4998.063,0
1752910139.517083,_depth_est_forward,22476.855,4998.063,4998.063,0
1752910162.875023,_depth_est_forward,22477.515,4998.063,4998.063,0
1752910186.202358,_depth_est_forward,22444.022,4998.063,4998.063,0
1752910209.591964,_depth_est_forward,22492.106,4998.063,4998.063,0
1752910232.969633,_depth_est_forward,22482.194,4998.063,4998.063,0
1752910256.372545,_depth_est_forward,22533.699,4998.063,4998.063,0
1752910279.726995,_depth_est_forward,22468.082,4998.063,4998.063,0
1752910302.967899,_depth_est_forward,22476.085,4998.063,4998.063,0
1752910326.159169,_depth_est_forward,22462.454,4998.063,4998.063,0
1752910349.491865,_depth_est_forward,22465.338,4998.063,4998.063,0
1752910372.902244,_depth_est_forward,22523.432,4998.063,4998.063,0
1752910396.278769,_depth_est_forward,22486.511,4998.063,4998.063,0
1752910419.684288,_depth_est_forward,22523.235,4998.063,4998.063,0
1752910443.034606,_depth_est_forward,22472.365,4998.063,4998.063,0
1752910466.345592,_depth_est_forward,22454.207,4998.063,4998.063,0
1752910489.633945,_depth_est_forward,22433.016,4998.063,4998.063,0
1752910513.046964,_depth_est_forward,22536.327,4998.063,4998.063,0
1752910536.377695,_depth_est_forward,22464.829,4998.063,4998.063,0
1752910559.760908,_depth_est_forward,22510.457,4998.063,4998.063,0
1752910583.085989,_depth_est_forward,22480.361,4998.063,4998.063,0
1752910606.208191,_depth_est_forward,22267.371,4998.063,4998.063,0
1752910630.197879,_depth_est_forward,23143.101,4998.063,4998.063,0
1752910654.050117,_depth_est_forward,23001.277,4998.063,4998.063,0
1752910677.880605,_depth_est_forward,22961.819,4998.063,4998.063,0
1752910701.540675,_depth_est_forward,22798.685,4998.063,4998.063,0
1752910725.491433,_depth_est_forward,23062.672,4998.063,4998.063,0
1752910749.208856,_depth_est_forward,22879.258,4998.063,4998.063,0
1752910773.276812,_depth_est_forward,23178.670,4998.063,4998.063,0
1752910797.244763,_depth_est_forward,23096.136,4998.063,4998.063,0
1752910821.567360,_depth_est_forward,23475.777,4998.063,4998.063,0
1752910845.274955,_depth_est_forward,22875.735,4998.063,4998.063,0
1752910869.123030,_depth_est_forward,22995.814,4998.063,4998.063,0
1752910893.284283,_depth_est_forward,23287.583,4998.063,4998.063,0
1752910917.378418,_depth_est_forward,23252.905,4998.063,4998.063,0
1752910941.248103,_depth_est_forward,23039.942,4998.063,4998.063,0
1752910965.080194,_depth_est_forward,22926.117,4998.063,4998.063,0
1752910988.752651,_depth_est_forward,22824.001,4998.063,4998.063,0
1752911012.886851,_depth_est_forward,23303.397,4998.063,4998.063,0
1752911036.785845,_depth_est_forward,23015.806,4998.063,4998.063,0
1752911060.686679,_depth_est_forward,23069.860,4998.063,4998.063,0
1752911084.933475,_depth_est_forward,23379.463,4998.063,4998.063,0
1752911108.940796,_depth_est_forward,23137.195,4998.063,4998.063,0
1752911132.795681,_depth_est_forward,23008.342,4998.063,4998.063,0
1752911156.883399,_depth_est_forward,23243.746,4998.063,4998.063,0
1752911181.005030,_depth_est_forward,23223.157,4998.063,4998.063,0
1752911205.038677,_depth_est_forward,23179.425,4998.063,4998.063,0
1752911229.394037,_depth_est_forward,23250.968,4998.063,4998.063,0
1752911253.390506,_depth_est_forward,23130.660,4998.063,4998.063,0
1752911276.966639,_depth_est_forward,22744.089,4998.063,4998.063,0
1752911300.534779,_depth_est_forward,22734.170,4998.063,4998.063,0
1752911324.349057,_depth_est_forward,22974.097,4998.063,4998.063,0
1752911348.710504,_depth_est_forward,23496.835,4998.063,4998.063,0
1752911372.732212,_depth_est_forward,23213.037,4998.063,4998.063,0
1752911396.660731,_depth_est_forward,23089.686,4998.063,4998.063,0
1752911420.553439,_depth_est_forward,23005.266,4998.063,4998.063,0
1752911443.983988,_depth_est_forward,22569.513,4998.063,4998.063,0
1752911467.339520,_depth_est_forward,22505.350,4998.063,4998.063,0
1752911490.974696,_depth_est_forward,22793.863,4998.063,4998.063,0
1752911514.644661,_depth_est_forward,22800.649,4998.063,4998.063,0
1752911538.486071,_depth_est_forward,22974.888,4998.063,4998.063,0
1752911562.320047,_depth_est_forward,22967.559,4998.063,4998.063,0
1752911586.141575,_depth_est_forward,22869.841,4998.063,4998.063,0
1752911609.602693,_depth_est_forward,22611.984,4998.063,4998.063,0
1752911633.204500,_depth_est_forward,22866.743,4998.063,4998.063,0
1752911656.931233,_depth_est_forward,22863.690,4998.063,4998.063,0
1752911681.086640,_depth_est_forward,23248.405,4998.063,4998.063,0
1752911705.725108,_depth_est_forward,23782.257,4998.063,4998.063,0
1752911729.096134,_depth_est_forward,22498.069,4998.063,4998.063,0
1752911752.498825,_depth_est_forward,22542.071,4998.063,4998.063,0
1752911775.995238,_depth_est_forward,22621.511,4998.063,4998.063,0
1752911799.344596,_depth_est_forward,22487.873,4998.063,4998.063,0
1752911822.666547,_depth_est_forward,22446.485,4998.063,4998.063,0
1752911845.983742,_depth_est_forward,22456.863,4998.063,4998.063,0
1752911869.303159,_depth_est_forward,22463.294,4998.063,4998.063,0
1752911892.535969,_depth_est_forward,22480.408,4998.063,4998.063,0
1752911915.876970,_depth_est_forward,22485.354,4998.063,4998.063,0
1752911939.219754,_depth_est_forward,22473.854,4998.063,4998.063,0
1752911962.543839,_depth_est_forward,22464.679,4998.063,4998.063,0
1752911985.872010,_depth_est_forward,22470.273,4998.063,4998.063,0
1752912009.230611,_depth_est_forward,22490.391,4998.063,4998.063,0
1752912032.581103,_depth_est_forward,22481.549,4998.063,4998.063,0
1752912055.948727,_depth_est_forward,22478.048,4998.063,4998.063,0
1752912079.327075,_depth_est_forward,22485.845,4998.063,4998.063,0
1752912102.713615,_depth_est_forward,22471.563,4998.063,4998.063,0
1752912126.074687,_depth_est_forward,22475.678,4998.063,4998.063,0
1752912149.307660,_depth_est_forward,22484.897,4998.063,4998.063,0
1752912172.749635,_depth_est_forward,22536.541,4998.063,4998.063,0
1752912196.155215,_depth_est_forward,22489.042,4998.063,4998.063,0
1752912219.550049,_depth_est_forward,22477.309,4998.063,4998.063,0
1752912242.953939,_depth_est_forward,22480.726,4998.063,4998.063,0
1752912266.718623,_depth_est_forward,22840.183,4998.063,4998.063,0
1752912290.130056,_depth_est_forward,22478.979,4998.063,4998.063,0
1752912313.522053,_depth_est_forward,22458.332,4998.063,4998.063,0
1752912337.123827,_depth_est_forward,22676.057,4998.063,4998.063,0
1752912361.103779,_depth_est_forward,23035.245,4998.063,4998.063,0
1752912384.718640,_depth_est_forward,22659.556,4998.063,4998.063,0
1752912408.159303,_depth_est_forward,22671.186,4998.063,4998.063,0
1752912431.663694,_depth_est_forward,22571.537,4998.063,4998.063,0
1752912455.098583,_depth_est_forward,22503.148,4998.063,4998.063,0
1752912478.505559,_depth_est_forward,22475.861,4998.063,4998.063,0
1752912501.895105,_depth_est_forward,22460.890,4998.063,4998.063,0
1752912525.045821,_depth_est_forward,22223.639,4998.063,4998.063,0
1752912550.273014,_depth_est_forward,24313.345,4998.063,4998.063,0
1752912580.678410,_depth_est_forward,29166.371,4998.063,4998.063,0
1752912609.318022,_depth_est_forward,27715.628,4998.063,4998.063,0
1752912639.192555,_depth_est_forward,28604.188,4998.063,4998.063,0
1752912668.830292,_depth_est_forward,28325.312,4998.063,4998.063,0
1752912698.146613,_depth_est_forward,28200.967,4998.063,4998.063,0
1752912727.694942,_depth_est_forward,28238.056,4998.063,4998.063,0
1752912757.136689,_depth_est_forward,28149.906,4998.063,4998.063,0
1752912786.633001,_depth_est_forward,28248.136,4998.063,4998.063,0
1752912816.269006,_depth_est_forward,28350.234,4998.063,4998.063,0
1752912846.103417,_depth_est_forward,28531.007,4998.063,4998.063,0
1752912875.833484,_depth_est_forward,28308.836,4998.063,4998.063,0
1752912905.598916,_depth_est_forward,28480.084,4998.063,4998.063,0
1752912934.906406,_depth_est_forward,28021.209,4998.063,4998.063,0
1752912964.900435,_depth_est_forward,28700.450,4998.063,4998.063,0
1752912994.778689,_depth_est_forward,28561.048,4998.063,4998.063,0
1752913025.908760,_depth_est_forward,29916.483,4998.063,4998.063,0
1752913058.130890,_depth_est_forward,31113.961,4998.063,4998.063,0
1752913088.456766,_depth_est_forward,28960.841,4998.063,4998.063,0
1752913119.149487,_depth_est_forward,29399.903,4998.063,4998.063,0
1752913149.542166,_depth_est_forward,29121.351,4998.063,4998.063,0
1752913179.341988,_depth_est_forward,28580.551,4998.063,4998.063,0
1752913209.694724,_depth_est_forward,29113.345,4998.063,4998.063,0
1752913241.640934,_depth_est_forward,30702.607,4998.063,4998.063,0
1752913271.605836,_depth_est_forward,28418.948,4998.063,4998.063,0
1752913300.859280,_depth_est_forward,28080.554,4998.063,4998.063,0
1752913330.128566,_depth_est_forward,28120.354,4998.063,4998.063,0
1752913359.394455,_depth_est_forward,28120.021,4998.063,4998.063,0
1752913388.612772,_depth_est_forward,28154.563,4998.063,4998.063,0
1752913417.871385,_depth_est_forward,28129.950,4998.063,4998.063,0
1752913446.942187,_depth_est_forward,27951.596,4998.063,4998.063,0
1752913476.398243,_depth_est_forward,28350.643,4998.063,4998.063,0
1752913505.178353,_depth_est_forward,27620.400,4998.063,4998.063,0
1752913534.471180,_depth_est_forward,28159.561,4998.063,4998.063,0
1752913563.878065,_depth_est_forward,28303.942,4998.063,4998.063,0
1752913594.015095,_depth_est_forward,28975.885,4998.063,4998.063,0
1752913624.004206,_depth_est_forward,28738.644,4998.063,4998.063,0
1752913653.743798,_depth_est_forward,28530.585,4998.063,4998.063,0
1752913683.929009,_depth_est_forward,28986.494,4998.063,4998.063,0
1752913713.307207,_depth_est_forward,28270.329,4998.063,4998.063,0
1752913742.879439,_depth_est_forward,28436.273,4998.063,4998.063,0
1752913772.470143,_depth_est_forward,28426.686,4998.063,4998.063,0
1752913801.434929,_depth_est_forward,27814.904,4998.063,4998.063,0
1752913831.058105,_depth_est_forward,28324.826,4998.063,4998.063,0
1752913860.569392,_depth_est_forward,28313.493,4998.063,4998.063,0
1752913889.978361,_depth_est_forward,28312.261,4998.063,4998.063,0
1752913919.330278,_depth_est_forward,28244.743,4998.063,4998.063,0
1752913948.486058,_depth_est_forward,28079.414,4998.063,4998.063,0
1752913978.104805,_depth_est_forward,28527.007,4998.063,4998.063,0
1752914007.727735,_depth_est_forward,28366.019,4998.063,4998.063,0
1752914036.950638,_depth_est_forward,28111.268,4998.063,4998.063,0
1752914066.682200,_depth_est_forward,28535.043,4998.063,4998.063,0
1752914095.759949,_depth_est_forward,28086.916,4998.063,4998.063,0
1752914125.254035,_depth_est_forward,28501.556,4998.063,4998.063,0
1752914154.769788,_depth_est_forward,28527.139,4998.063,4998.063,0
1752914184.395245,_depth_est_forward,28578.369,4998.063,4998.063,0
1752914213.460748,_depth_est_forward,28110.361,4998.063,4998.063,0
1752914242.588595,_depth_est_forward,28162.899,4998.063,4998.063,0
1752914271.580851,_depth_est_forward,28190.001,4998.063,4998.063,0
1752914300.626662,_depth_est_forward,28242.391,4998.063,4998.063,0
1752914329.968728,_depth_est_forward,28565.320,4998.063,4998.063,0
1752914359.930729,_depth_est_forward,28804.571,4998.063,4998.063,0
1752914388.925586,_depth_est_forward,28147.171,4998.063,4998.063,0
1752914418.245113,_depth_est_forward,28493.868,4998.063,4998.063,0
1752914447.807466,_depth_est_forward,28736.305,4998.063,4998.063,0
1752914477.472101,_depth_est_forward,28730.541,4998.063,4998.063,0
1752914507.259944,_depth_est_forward,28777.504,4998.063,4998.063,0
1752914536.699673,_depth_est_forward,28413.013,4998.063,4998.063,0
1752914566.628761,_depth_est_forward,29044.342,4998.063,4998.063,0
1752914596.140349,_depth_est_forward,28572.912,4998.063,4998.063,0
1752914626.088963,_depth_est_forward,29016.116,4998.063,4998.063,0
1752914655.993354,_depth_est_forward,28956.089,4998.063,4998.063,0
1752914685.547723,_depth_est_forward,28527.011,4998.063,4998.063,0
1752914714.838832,_depth_est_forward,28501.021,4998.063,4998.063,0
1752914744.693135,_depth_est_forward,29087.627,4998.063,4998.063,0
1752914774.367513,_depth_est_forward,28903.311,4998.063,4998.063,0
1752914803.344462,_depth_est_forward,28048.643,4998.063,4998.063,0
1752914831.371326,_depth_est_forward,27142.904,4998.063,4998.063,0
1752914860.520728,_depth_est_forward,28187.807,4998.063,4998.063,0
1752914889.596458,_depth_est_forward,28178.695,4998.063,4998.063,0
1752914918.584298,_depth_est_forward,28124.739,4998.063,4998.063,0
1752914947.568872,_depth_est_forward,28139.091,4998.063,4998.063,0
1752914976.557534,_depth_est_forward,28118.460,4998.063,4998.063,0
1752915005.702508,_depth_est_forward,28130.947,4998.063,4998.063,0
1752915034.677595,_depth_est_forward,28105.542,4998.063,4998.063,0
1752915063.583485,_depth_est_forward,28039.661,4998.063,4998.063,0
1752915092.433217,_depth_est_forward,28017.192,4998.063,4998.063,0
1752915121.369599,_depth_est_forward,28089.759,4998.063,4998.063,0
1752915150.382335,_depth_est_forward,28153.293,4998.063,4998.063,0
1752915179.474801,_depth_est_forward,28183.619,4998.063,4998.063,0
1752915208.843439,_depth_est_forward,28518.224,4998.063,4998.063,0
1752915238.302686,_depth_est_forward,28597.871,4998.063,4998.063,0
1752915267.509750,_depth_est_forward,28352.020,4998.063,4998.063,0
1752915296.682537,_depth_est_forward,28299.911,4998.063,4998.063,0
1752915326.101004,_depth_est_forward,28365.309,4998.063,4998.063,0
1752915356.937285,_depth_est_forward,30009.091,4998.063,4998.063,0
1752915386.592812,_depth_est_forward,28739.557,4998.063,4998.063,0
1752915417.007369,_depth_est_forward,29481.111,4998.063,4998.063,0
1752915446.043415,_depth_est_forward,28221.477,4998.063,4998.063,0
1752915475.203888,_depth_est_forward,28361.111,4998.063,4998.063,0
1752915504.323071,_depth_est_forward,28120.416,4998.063,4998.063,0
1752915533.453044,_depth_est_forward,28097.437,4998.063,4998.063,0
1752915564.168306,_depth_est_forward,30028.132,4998.063,4998.063,0
1752915593.572106,_depth_est_forward,28630.989,4998.063,4998.063,0
1752915622.018525,_depth_est_forward,27638.819,4998.063,4998.063,0
1752915649.985249,_depth_est_forward,26417.289,4998.063,4998.063,0
1752915677.068076,_depth_est_forward,26281.279,4998.063,4998.063,0
1752915703.836962,_depth_est_forward,25965.782,4998.063,4998.063,0
1752915731.170983,_depth_est_forward,26545.016,4998.063,4998.063,0
1752915759.241403,_depth_est_forward,27286.240,4998.063,4998.063,0
1752915787.265204,_depth_est_forward,27281.429,4998.063,4998.063,0
1752915813.119296,_depth_est_forward,25086.954,4998.063,4998.063,0
1752915839.400211,_depth_est_forward,25493.867,4998.063,4998.063,0
1752915867.437141,_depth_est_forward,27237.601,4998.063,4998.063,0
1752915896.356978,_depth_est_forward,27864.918,4998.063,4998.063,0
1752915925.250060,_depth_est_forward,27806.721,4998.063,4998.063,0
1752915954.556707,_depth_est_forward,27934.658,4998.063,4998.063,0
1752915983.535020,_depth_est_forward,28086.968,4998.063,4998.063,0
1752916012.710209,_depth_est_forward,28193.930,4998.063,4998.063,0
1752916041.404793,_depth_est_forward,27840.580,4998.063,4998.063,0
1752916070.153515,_depth_est_forward,27885.522,4998.063,4998.063,0
1752916098.499357,_depth_est_forward,27550.731,4998.063,4998.063,0
1752916126.282073,_depth_est_forward,26984.957,4998.063,4998.063,0
1752916153.967479,_depth_est_forward,26966.120,4998.063,4998.063,0
1752916185.637073,_depth_est_forward,30938.784,4998.063,4998.063,0
1752916212.569729,_depth_est_forward,25992.086,4998.063,4998.063,0
1752916239.770495,_depth_est_forward,26257.740,4998.063,4998.063,0
1752916266.852746,_depth_est_forward,25968.686,4998.063,4998.063,0
1752916293.922781,_depth_est_forward,25956.358,4998.063,4998.063,0
1752916320.810438,_depth_est_forward,25963.979,4998.063,4998.063,0
1752916347.714557,_depth_est_forward,25962.853,4998.063,4998.063,0
1752916374.651715,_depth_est_forward,25970.303,4998.063,4998.063,0
1752916401.602921,_depth_est_forward,25967.643,4998.063,4998.063,0
1752916428.588215,_depth_est_forward,25978.254,4998.063,4998.063,0
1752916455.542664,_depth_est_forward,25960.858,4998.063,4998.063,0
1752916482.509846,_depth_est_forward,25972.420,4998.063,4998.063,0
1752916509.484577,_depth_est_forward,25980.035,4998.063,4998.063,0
1752916536.575680,_depth_est_forward,25976.005,4998.063,4998.063,0
1752916563.712531,_depth_est_forward,26028.589,4998.063,4998.063,0
1752916590.797182,_depth_est_forward,25967.371,4998.063,4998.063,0
1752916617.910092,_depth_est_forward,25977.277,4998.063,4998.063,0
1752916645.026993,_depth_est_forward,25976.985,4998.063,4998.063,0
1752916672.119793,_depth_est_forward,25961.782,4998.063,4998.063,0
1752916699.250000,_depth_est_forward,25973.290,4998.063,4998.063,0
1752916726.389497,_depth_est_forward,25981.032,4998.063,4998.063,0
1752916753.525328,_depth_est_forward,25959.556,4998.063,4998.063,0
1752916780.660336,_depth_est_forward,25969.545,4998.063,4998.063,0
1752916807.833662,_depth_est_forward,25986.475,4998.063,4998.063,0
1752916835.018071,_depth_est_forward,25983.774,4998.063,4998.063,0
1752916862.226926,_depth_est_forward,25991.869,4998.063,4998.063,0
1752916889.323373,_depth_est_forward,25980.885,4998.063,4998.063,0
1752916916.508813,_depth_est_forward,25997.351,4998.063,4998.063,0
1752916943.656267,_depth_est_forward,25977.584,4998.063,4998.063,0
1752916970.851550,_depth_est_forward,25987.781,4998.063,4998.063,0
1752916998.051679,_depth_est_forward,25988.088,4998.063,4998.063,0
1752917025.272953,_depth_est_forward,25992.307,4998.063,4998.063,0
1752917052.496459,_depth_est_forward,25987.862,4998.063,4998.063,0
1752917079.743382,_depth_est_forward,25992.294,4998.063,4998.063,0
1752917106.998312,_depth_est_forward,25991.168,4998.063,4998.063,0
1752917134.288954,_depth_est_forward,26001.055,4998.063,4998.063,0
1752917161.595100,_depth_est_forward,25998.413,4998.063,4998.063,0
1752917188.698138,_depth_est_forward,25983.830,4998.063,4998.063,0
1752917216.068800,_depth_est_forward,26050.835,4998.063,4998.063,0
1752917243.988901,_depth_est_forward,26424.876,4998.063,4998.063,0
